Word,Count,Percentage of total,Cumulative percentage of total
μέγας,1294,4.13,4.13
πρότερος,633,2.02,6.16
ἀγαθός,580,1.85,8.01
καλός,554,1.77,9.78
πλείων,484,1.55,11.32
δίκαιος,466,1.49,12.81
ἴδιος,460,1.47,14.28
πλεῖστος,372,1.19,15.47
λοιπός,357,1.14,16.61
κοινός,348,1.11,17.72
κακός,340,1.09,18.81
ἀληθής,338,1.08,19.89
δεινός,277,0.88,20.77
ὕστερος,264,0.84,21.62
ἄξιος,264,0.84,22.46
ἐναντίος,250,0.8,23.26
Ἀθηναῖος,246,0.79,24.04
οἰκεῖος,242,0.77,24.82
μικρός,237,0.76,25.58
νέος,215,0.69,26.26
ταχύς,211,0.67,26.94
πεζός,211,0.67,27.61
δῆλος,197,0.63,28.24
δυνατός,193,0.62,28.86
ἱκανός,192,0.61,29.47
αἴτιος,187,0.6,30.07
ἴσος,185,0.59,30.66
ἄριστος,168,0.54,31.19
φανερός,168,0.54,31.73
ἥσσων,156,0.5,32.23
ἐπιτήδειος,151,0.48,32.71
ἀναγκαῖος,151,0.48,33.19
πολέμιος,151,0.48,33.68
ἐλάσσων,149,0.48,34.15
ἐλεύθερος,144,0.46,34.61
μέσος,143,0.46,35.07
βελτίων,141,0.45,35.52
βραχύς,138,0.44,35.96
ἡδύς,133,0.42,36.39
πρέσβυς,129,0.41,36.8
χαλεπός,127,0.41,37.2
αἰσχρός,125,0.4,37.6
παλαιός,117,0.37,37.98
ἀρχαῖος,115,0.37,38.34
ἰσχυρός,115,0.37,38.71
ναυτικός,115,0.37,39.08
κύριος,114,0.36,39.44
φίλος,111,0.35,39.8
τελευταῖος,110,0.35,40.15
μυρίος,108,0.35,40.49
μακρός,107,0.34,40.84
ὅμοιος,106,0.34,41.17
ἑτοῖμος,106,0.34,41.51
πλούσιος,106,0.34,41.85
παραπλήσιος,105,0.34,42.19
χρύσεος,105,0.34,42.52
ὅσιος,104,0.33,42.85
ἔνιοι,104,0.33,43.19
πονηρός,102,0.33,43.51
χρήσιμος,98,0.31,43.83
σοφός,98,0.31,44.14
Ἑλληνικός,97,0.31,44.45
αἰχμάλωτος,95,0.3,44.75
ὑπεναντίος,94,0.3,45.05
δημόσιος,93,0.3,45.35
πλέος,93,0.3,45.65
πολιτικός,93,0.3,45.94
ἀδύνατος,92,0.29,46.24
ῥᾴδιος,91,0.29,46.53
χρηστός,88,0.28,46.81
ἄδικος,85,0.27,47.08
ἐπιφανής,84,0.27,47.35
κράτιστος,83,0.27,47.61
ἥκιστος,80,0.26,47.87
ἐχθρός,80,0.26,48.12
ἱερός,80,0.26,48.38
πολεμικός,80,0.26,48.64
ψευδής,78,0.25,48.89
ἑκών,77,0.25,49.13
κρείσσων,74,0.24,49.37
πάτριος,73,0.23,49.6
τηλικοῦτος,72,0.23,49.83
ἐρῆμος,70,0.22,50.05
πατρῷος,69,0.22,50.27
ἀμείνων,68,0.22,50.49
ἀλλότριος,67,0.21,50.71
λαμπρός,67,0.21,50.92
συγγενής,66,0.21,51.13
δεξιός,65,0.21,51.34
ἀσφαλής,64,0.2,51.54
χείρων,63,0.2,51.74
βέλτιστος,63,0.2,51.95
βασιλικός,62,0.2,52.14
ὑστεραῖος,61,0.19,52.34
φαῦλος,60,0.19,52.53
σαφής,58,0.19,52.72
κατήγορος,58,0.19,52.9
μέτριος,57,0.18,53.08
ἐλάχιστος,56,0.18,53.26
φοβερός,54,0.17,53.43
συνεχής,54,0.17,53.61
σύμμαχος,53,0.17,53.78
θαυμαστός,52,0.17,53.94
ἄπιστος,52,0.17,54.11
ἐπιχώριος,52,0.17,54.27
σώφρων,51,0.16,54.44
γυμνός,51,0.16,54.6
εὔνους,51,0.16,54.76
νόμιμος,50,0.16,54.92
εὐδαίμων,50,0.16,55.08
ὕπατος,50,0.16,55.24
ἔσχατος,48,0.15,55.4
ἀνόσιος,48,0.15,55.55
ὁμοῖος,48,0.15,55.7
παράδοξος,48,0.15,55.86
θεῖος1,47,0.15,56.01
βέβαιος,47,0.15,56.16
βαρύς,47,0.15,56.31
βάρβαρος,47,0.15,56.46
ἱππικός,46,0.15,56.6
ἀέκων,45,0.14,56.75
ἀσθενής,45,0.14,56.89
ἀξιόλογος,45,0.14,57.03
καινός,44,0.14,57.17
ἀθρόος,44,0.14,57.32
διάφορος,44,0.14,57.46
πολυτελής,43,0.14,57.59
ἥμισυς,43,0.14,57.73
ἀνθρώπινος,42,0.13,57.86
πρόθυμος,42,0.13,58.0
Μηδικός,41,0.13,58.13
πεζικός,41,0.13,58.26
γνώριμος,40,0.13,58.39
Περσικός,40,0.13,58.52
ὑποχείριος,40,0.13,58.64
σεμνός,38,0.12,58.77
ἐγκρατής,38,0.12,58.89
συχνός,38,0.12,59.01
Τρωικός,38,0.12,59.13
πιστός2,37,0.12,59.25
Ἀττικός,37,0.12,59.37
Λακωνικός,37,0.12,59.48
παράνομος,36,0.12,59.6
γενναῖος,36,0.12,59.71
ὁλοσχερής,36,0.12,59.83
ἔνοχος,35,0.11,59.94
ἐνδεής,35,0.11,60.05
ἄτοπος,35,0.11,60.16
βίαιος,35,0.11,60.28
ἀφανής,34,0.11,60.39
ἄδηλος,34,0.11,60.49
ὀρθός,34,0.11,60.6
λευκός,34,0.11,60.71
στρατιωτικός,34,0.11,60.82
περισσός,33,0.11,60.93
ἐρωτικός,33,0.11,61.03
ἔνδοξος,33,0.11,61.14
ἄπειρος1,33,0.11,61.24
ἄπορος,33,0.11,61.35
αὐτόνομος,33,0.11,61.45
σμικρός,33,0.11,61.56
κεφάλαιος,32,0.1,61.66
πλήρης,32,0.1,61.76
μεστός,32,0.1,61.86
καθαρός,31,0.1,61.96
ἀκριβής,31,0.1,62.06
τάχιστος,31,0.1,62.16
ἀληθινός,31,0.1,62.26
Ῥωμαῖος,31,0.1,62.36
εὐώνυμος,31,0.1,62.46
ἐπίτροπος,30,0.1,62.55
ὑπόλοιπος,30,0.1,62.65
ἀκόλουθος,30,0.1,62.75
χρηματιστικός,30,0.1,62.84
κενός,29,0.09,62.93
θνητός,29,0.09,63.03
αἱρετός,29,0.09,63.12
πολλαπλάσιος,29,0.09,63.21
βαθύς,29,0.09,63.31
καρτερός,29,0.09,63.4
λεπτός,28,0.09,63.49
ἐπιεικής,28,0.09,63.58
φιλότιμος,28,0.09,63.67
φιλάνθρωπος,28,0.09,63.76
συνήθης,28,0.09,63.84
ξενικός,28,0.09,63.93
ἀντίπαλος,28,0.09,64.02
δοῦλος,28,0.09,64.11
ἀπόρρητος,28,0.09,64.2
τέλειος,28,0.09,64.29
σπουδαῖος,27,0.09,64.38
ταὐτός,27,0.09,64.46
φρόνιμος,27,0.09,64.55
Λακεδαιμόνιος,27,0.09,64.64
ποικίλος,27,0.09,64.72
ὡραῖος,26,0.08,64.81
δημοτικός,26,0.08,64.89
εὐφυής,26,0.08,64.97
ὅμορος,26,0.08,65.06
Κορίνθιος,26,0.08,65.14
Ἀφροδίσιος,26,0.08,65.22
παμπολύς,26,0.08,65.3
δυσχερής,26,0.08,65.39
γεωργός,26,0.08,65.47
ἄγριος,25,0.08,65.55
ἔμπειρος,25,0.08,65.63
παντοδαπός,25,0.08,65.71
ὠφέλιμος,25,0.08,65.79
θῆλυς,25,0.08,65.87
γνήσιος,25,0.08,65.95
μείων,25,0.08,66.03
διπλάσιος,25,0.08,66.11
ἀριστερός,25,0.08,66.19
ἄπειρος2,25,0.08,66.27
πιστός1,24,0.08,66.35
αὐτόματος,24,0.08,66.42
ὑψηλός,24,0.08,66.5
ἄλογος,24,0.08,66.58
χάλκεος,24,0.08,66.65
μισθοφόρος,24,0.08,66.73
ἐνεργός,24,0.08,66.81
ξένος2,24,0.08,66.88
ἐπίλεκτος,24,0.08,66.96
ἀθάνατος,23,0.07,67.03
ταπεινός,23,0.07,67.11
ψιλός,23,0.07,67.18
ἀκέραιος,23,0.07,67.25
θεοφιλής,23,0.07,67.33
θρασύς,22,0.07,67.4
ὑπεύθυνος,22,0.07,67.47
μαλακός,22,0.07,67.54
λυπηρός,22,0.07,67.61
τίμιος,22,0.07,67.68
ἀσεβής,22,0.07,67.75
διπλόος,22,0.07,67.82
περιφανής,22,0.07,67.89
ἀργύρεος,22,0.07,67.96
θαυμάσιος,22,0.07,68.03
οἰκονομικός,22,0.07,68.1
ἡλίκος,21,0.07,68.17
καταφανής,21,0.07,68.23
οὐδέτερος,21,0.07,68.3
ἑκούσιος,21,0.07,68.37
ξύλινος,21,0.07,68.44
βοηθός,21,0.07,68.5
ἥμερος,21,0.07,68.57
πικρός,21,0.07,68.64
ἀνδρεῖος,21,0.07,68.7
κρατύς,21,0.07,68.77
πορφύρεος,21,0.07,68.84
στενός,21,0.07,68.9
εὐτελής,21,0.07,68.97
Βοιώτιος,21,0.07,69.04
πρᾶος,21,0.07,69.11
πρόδηλος,20,0.06,69.17
ἀνόητος,20,0.06,69.23
εὔπορος,20,0.06,69.3
βαρβαρικός,20,0.06,69.36
δαιμόνιος,20,0.06,69.43
ἀγεννής,20,0.06,69.49
ἐλαχύς,20,0.06,69.55
σιδήρεος,20,0.06,69.62
ἄχρηστος,19,0.06,69.68
ἐναργής,19,0.06,69.74
Ἄρειος,19,0.06,69.8
ἀνάστατος,19,0.06,69.86
ἐπιμελής,19,0.06,69.92
Μιλήσιος,19,0.06,69.98
ἀξιόχρεως,19,0.06,70.04
συνεργός,19,0.06,70.1
ποσός,19,0.06,70.16
ἐγχώριος,19,0.06,70.22
εὔζωνος,19,0.06,70.28
αὐτόφωρος,18,0.06,70.34
ἐμφανής,18,0.06,70.4
ὁμώνυμος,18,0.06,70.46
εὐπρεπής,18,0.06,70.51
ἀναίτιος,18,0.06,70.57
ἄφθονος,18,0.06,70.63
σφοδρός,18,0.06,70.69
ἀλλόφυλος,18,0.06,70.74
σύμφορος,18,0.06,70.8
περιχαρής,18,0.06,70.86
παράλιος,18,0.06,70.92
ἄσμενος,18,0.06,70.97
πιστός,18,0.06,71.03
Ἰόνιος,18,0.06,71.09
συμμαχικός,18,0.06,71.15
ἀκόλαστος,17,0.05,71.2
γυναικεῖος,17,0.05,71.26
μέλας,17,0.05,71.31
ἀτελής,17,0.05,71.36
νεκρός,17,0.05,71.42
μετέωρος,17,0.05,71.47
δορύφορος,17,0.05,71.53
πυκνός,17,0.05,71.58
περίοικος,17,0.05,71.64
ἄποικος,17,0.05,71.69
ἄπρακτος,17,0.05,71.74
ὑπόσπονδος,17,0.05,71.8
μιαρός,16,0.05,71.85
περιβόητος,16,0.05,71.9
ἄκυρος,16,0.05,71.95
σῶς,16,0.05,72.0
εὐσεβής,16,0.05,72.05
σωματικός,16,0.05,72.11
ὑπήκοος,16,0.05,72.16
ὑγιής,16,0.05,72.21
ἄλκιμος,16,0.05,72.26
Σικελικός,16,0.05,72.31
ὠμός,16,0.05,72.36
πιθανός,16,0.05,72.41
ἀνάξιος,16,0.05,72.46
δορυφόρος,16,0.05,72.51
ἄτιμος,16,0.05,72.57
ἐχυρός,16,0.05,72.62
ἐπίπεδος,16,0.05,72.67
ἁπλόος,15,0.05,72.72
εὐγενής,15,0.05,72.76
ἀργός2,15,0.05,72.81
ποιητέος,15,0.05,72.86
μακάριος,15,0.05,72.91
ὑπηρετικός,15,0.05,72.96
ὁμόφυλος,15,0.05,73.0
ὑπήκους,15,0.05,73.05
πρακτικός,15,0.05,73.1
Πελασγικός,15,0.05,73.15
μεσόγαιος,15,0.05,73.2
ὁμότιμος,15,0.05,73.24
ἀνδροφόνος,14,0.04,73.29
ἐλευθέριος,14,0.04,73.33
γέλοιος,14,0.04,73.38
ὀρφανός,14,0.04,73.42
ἄκαιρος,14,0.04,73.47
θάσσων,14,0.04,73.51
δειλός,14,0.04,73.56
εὔλογος,14,0.04,73.6
θεῖος,14,0.04,73.65
θερμός,14,0.04,73.69
βραδύς,14,0.04,73.73
ἄκρος,14,0.04,73.78
σπάνιος,14,0.04,73.82
παχύς,14,0.04,73.87
νεώτερος,14,0.04,73.91
αὐτάρκης,14,0.04,73.96
οὐδαμός,14,0.04,74.0
γεραιός,14,0.04,74.05
παιδικός,14,0.04,74.09
συνετός,14,0.04,74.14
χρόνιος,14,0.04,74.18
ἐμφύλιος,14,0.04,74.23
Τυρρηνικός,14,0.04,74.27
μάχιμος,14,0.04,74.32
παράλληλος,14,0.04,74.36
ἀντίος,14,0.04,74.41
ἔννομος,13,0.04,74.45
ἔμπορος,13,0.04,74.49
ἀκίνδυνος,13,0.04,74.53
Ὀλύμπιος,13,0.04,74.57
ταλαίπωρος,13,0.04,74.61
ἀμ̄ακαῖος,13,0.04,74.65
εὐήθης,13,0.04,74.7
ἕνος,13,0.04,74.74
εἴκοσιν,13,0.04,74.78
ὕποπτος,13,0.04,74.82
εὐτυχής,13,0.04,74.86
ἀμήχανος,13,0.04,74.9
λίθινος,13,0.04,74.95
διαβόητος,13,0.04,74.99
ἄκρατος,13,0.04,75.03
σκληρός,13,0.04,75.07
Συρακούσιος,13,0.04,75.11
ὄλβιος,13,0.04,75.15
νυκτερινός,13,0.04,75.19
ἐνιαύσιος,13,0.04,75.24
ὀξύς2,13,0.04,75.28
ἀνθρώπειος,13,0.04,75.32
Παιανιεύς,13,0.04,75.36
ἀστυγείτων,13,0.04,75.4
βασίλειος,13,0.04,75.44
λυσιτελής,13,0.04,75.49
ἐπισφαλής,13,0.04,75.53
φίλιος,13,0.04,75.57
παράβολος,13,0.04,75.61
ἀτείχιστος,13,0.04,75.65
ὀλιγαρχικός,12,0.04,75.69
κωμικός,12,0.04,75.73
κακοῦργος,12,0.04,75.77
ἀπαράσκευος,12,0.04,75.81
ἄκριτος,12,0.04,75.84
ἀνήκεστος,12,0.04,75.88
τραγικός,12,0.04,75.92
εὔκαιρος,12,0.04,75.96
ἄψυχος,12,0.04,76.0
ἀντίδικος,12,0.04,76.04
ἄθλιος,12,0.04,76.07
χαρίεις,12,0.04,76.11
Βαβυλώνιος,12,0.04,76.15
ἀπόγονος,12,0.04,76.19
ἁγνός,12,0.04,76.23
τάλας,12,0.04,76.27
περίβολος,12,0.04,76.3
ἄδοξος,12,0.04,76.34
ἱστορικός,12,0.04,76.38
χαριστήριος,12,0.04,76.42
αὐτόμολος,12,0.04,76.46
τυραννικός,12,0.04,76.5
Ἀργεῖος,12,0.04,76.53
Κρητικός,12,0.04,76.57
πελάγιος,12,0.04,76.61
ἔγγιστος,12,0.04,76.65
ἀπαθής,12,0.04,76.69
μισθόφορος,12,0.04,76.73
κόσμιος,11,0.04,76.76
ζηλωτός,11,0.04,76.8
ἔντιμος,11,0.04,76.83
ἀρχηγός,11,0.04,76.87
ἔμψυχος,11,0.04,76.9
προτεραῖος,11,0.04,76.94
Πύθιος,11,0.04,76.97
βλαβερός,11,0.04,77.01
μεγαλόψυχος,11,0.04,77.04
ἐπώνυμος,11,0.04,77.08
ἰδιωτικός,11,0.04,77.11
δουλικός,11,0.04,77.15
Ἀρκαδικός,11,0.04,77.18
Αἰγύπτιος,11,0.04,77.22
κοῦφος,11,0.04,77.25
ἄφρων,11,0.04,77.29
παντοῖος,11,0.04,77.32
μοναρχικός,11,0.04,77.36
ὑγρός,11,0.04,77.39
ἔκγονος,11,0.04,77.43
στρατηγικός,11,0.04,77.46
ἀκίνητος,11,0.04,77.5
δόκιμος,11,0.04,77.53
ὁμόγλωσσος,11,0.04,77.57
πλάγιος,11,0.04,77.6
προσφιλής,11,0.04,77.64
θεοπρόπος,11,0.04,77.67
τετράγωνος,11,0.04,77.71
ὑπερδέξιος,11,0.04,77.74
καταδεής,10,0.03,77.78
γηραιός,10,0.03,77.81
νήπιος,10,0.03,77.84
τιμωρός,10,0.03,77.87
ὑπερήμερος,10,0.03,77.9
σχέτλιος,10,0.03,77.94
βάσκανος,10,0.03,77.97
μεγαλοπρεπής,10,0.03,78.0
πρόχειρος,10,0.03,78.03
φυσικός,10,0.03,78.06
Σάμιος,10,0.03,78.1
κόιλος,10,0.03,78.13
ἀνωφελής,10,0.03,78.16
θερινός,10,0.03,78.19
ἀχρεῖος,10,0.03,78.22
Λιβυκός,10,0.03,78.26
σύντομος,10,0.03,78.29
ψυχρός,10,0.03,78.32
Ἠλεῖος,10,0.03,78.35
χαλκοῦς,10,0.03,78.38
ξένος,10,0.03,78.41
βάναυσος,10,0.03,78.45
πρόσοικος,10,0.03,78.48
ἀφύλακτος,10,0.03,78.51
πένης,10,0.03,78.54
δυσμενής,10,0.03,78.57
χειμερινός,10,0.03,78.61
ἀνθύπατος,10,0.03,78.64
παράλογος,10,0.03,78.67
αἰφνίδιος,10,0.03,78.7
δεσποτικός,10,0.03,78.73
σκεπτέος,10,0.03,78.77
δισσός,10,0.03,78.8
τετρακισμύριοι,10,0.03,78.83
σύμμετρος,10,0.03,78.86
ἄνοπλος,10,0.03,78.89
ἅγιος,10,0.03,78.93
ὀρεινός,10,0.03,78.96
ἐρυμνός,10,0.03,78.99
ἀβλαβής,10,0.03,79.02
ὑπαίθριος,10,0.03,79.05
ἄνισος,9,0.03,79.08
πατρικός,9,0.03,79.11
φίλτατος,9,0.03,79.14
ἀμαθής,9,0.03,79.17
εὔορκος,9,0.03,79.2
Ἑλλήνιος,9,0.03,79.23
ἐφάμιλλος,9,0.03,79.26
παραθαλάσσιος,9,0.03,79.28
ἐπίβουλος,9,0.03,79.31
μάταιος,9,0.03,79.34
ἀθέμιστος,9,0.03,79.37
γλυκύς,9,0.03,79.4
Ποντικός,9,0.03,79.43
Θηβαῖος,9,0.03,79.46
παντοδαπής,9,0.03,79.49
ἀνώτερος,9,0.03,79.51
Βυζάντιος,9,0.03,79.54
ἄπληστος,9,0.03,79.57
εὐμενής,9,0.03,79.6
λαιός,9,0.03,79.63
ὁμοεθνής,9,0.03,79.66
δημοκρατικός,9,0.03,79.69
ἀριστοκρατικός,9,0.03,79.72
εὐειδής,9,0.03,79.74
εὔθετος,9,0.03,79.77
ἀσαφής,9,0.03,79.8
δαψιλής,9,0.03,79.83
ὀχυρός,9,0.03,79.86
αὔτανδρος,9,0.03,79.89
πραγματικός,9,0.03,79.92
ἐπικαίριος,9,0.03,79.95
ἐπανάγκης,8,0.03,79.97
ὑπερόριος,8,0.03,80.0
κάκουργος,8,0.03,80.02
ἀθῷος,8,0.03,80.05
ἀνιαρός,8,0.03,80.07
ἔμφυτος,8,0.03,80.1
ἐντελής,8,0.03,80.12
κατάδηλος,8,0.03,80.15
φιλόπονος,8,0.03,80.18
τραχύς,8,0.03,80.2
χωλός,8,0.03,80.23
ἀλλοῖος,8,0.03,80.25
Ἰωνικός,8,0.03,80.28
Συρακόσιος,8,0.03,80.3
Χῖος,8,0.03,80.33
ἑωθινός,8,0.03,80.35
Σωκρατικός,8,0.03,80.38
τολμηρός,8,0.03,80.41
τυφλός,8,0.03,80.43
ἀστεῖος,8,0.03,80.46
καταπληκτικός,8,0.03,80.48
ἀόριστος,8,0.03,80.51
οἰκτρός,8,0.03,80.53
ἄρρητος,8,0.03,80.56
Ἰταλικός,8,0.03,80.58
ἑπτακαίδεκα,8,0.03,80.61
ἐπίπονος,8,0.03,80.64
ἀφυής,8,0.03,80.66
αἴσιος,8,0.03,80.69
εὔρωστος,8,0.03,80.71
ἡγεμονικός,8,0.03,80.74
ῥητέος,8,0.03,80.76
σύνεδρος,8,0.03,80.79
προσεχής,8,0.03,80.81
ἀξιοθέατος,8,0.03,80.84
ἐμπόδιος,8,0.03,80.87
δύσβατος,8,0.03,80.89
νομιστέος,8,0.03,80.92
προφανής,8,0.03,80.94
τακτικός,8,0.03,80.97
δημοτελής,7,0.02,80.99
φορτικός,7,0.02,81.01
ἀπαίδευτος,7,0.02,81.03
ἀναιδής,7,0.02,81.06
ὑπερήφανος,7,0.02,81.08
ἔξαρνος,7,0.02,81.1
ἡρωικός,7,0.02,81.12
προπετής,7,0.02,81.15
ἀήσσητος,7,0.02,81.17
κατάρατος,7,0.02,81.19
δύσκολος,7,0.02,81.21
σύνοικος,7,0.02,81.24
φονικός,7,0.02,81.26
ἄσημος,7,0.02,81.28
σκαιός,7,0.02,81.3
ἄβατος,7,0.02,81.33
ἄνανδρος,7,0.02,81.35
ἀλίμενος,7,0.02,81.37
θαλάσσιος,7,0.02,81.39
διαπόντιος,7,0.02,81.41
ἁβρός,7,0.02,81.44
ἁπαλός,7,0.02,81.46
ῥᾴθυμος,7,0.02,81.48
μακαριστός,7,0.02,81.5
σκύτινος,7,0.02,81.53
ἐπίσημος,7,0.02,81.55
πλησίος,7,0.02,81.57
σύντονος,7,0.02,81.59
ἰσχνός,7,0.02,81.62
Ῥόδιος,7,0.02,81.64
οὐράνιος,7,0.02,81.66
εὐχερής,7,0.02,81.68
ἀηδής,7,0.02,81.71
ἀνίκητος,7,0.02,81.73
ξηρός,7,0.02,81.75
Ἀναφλύστιος,7,0.02,81.77
εὔτακτος,7,0.02,81.79
ἀχάριστος,7,0.02,81.82
ἀντίγραφον,7,0.02,81.84
Κοθωκίδης,7,0.02,81.86
ῥητός,7,0.02,81.88
ἐαρινός,7,0.02,81.91
ὠνητός,7,0.02,81.93
σύναρχος,7,0.02,81.95
στενωπός,7,0.02,81.97
δυώδεκα,7,0.02,82.0
εὐμαρής,7,0.02,82.02
μαντικός,7,0.02,82.04
ἐπάλληλος,7,0.02,82.06
ἄτρωτος,7,0.02,82.09
θηριώδης,7,0.02,82.11
κωφός,7,0.02,82.13
νικητήριος,7,0.02,82.15
πολυχρόνιος,7,0.02,82.17
μυθώδης,7,0.02,82.2
πολλοστός,7,0.02,82.22
κάλως,7,0.02,82.24
βόρειος,7,0.02,82.26
σύντροφος,7,0.02,82.29
ἔκπλεος,7,0.02,82.31
θέσφατος,7,0.02,82.33
ὁμομήτριος,7,0.02,82.35
χειροποίητος,7,0.02,82.38
πλείωνίων,7,0.02,82.4
εὐθαρσής,7,0.02,82.42
ἀνυπόστατος,7,0.02,82.44
κατάφρακτος,7,0.02,82.47
ἡγητέον,7,0.02,82.49
σκηπτοῦχος,7,0.02,82.51
ἀνόμοιος,6,0.02,82.53
καταγέλαστος,6,0.02,82.55
μηδέτερος,6,0.02,82.57
εὔδηλος,6,0.02,82.59
ἀργύρειος,6,0.02,82.61
ἐσθλός,6,0.02,82.63
εὐσχήμων,6,0.02,82.64
ἀκρατής,6,0.02,82.66
ἀνώμοτος,6,0.02,82.68
φλαῦρος,6,0.02,82.7
ἔχθιστος,6,0.02,82.72
ἐξαιρετός,6,0.02,82.74
Καρύστιος,6,0.02,82.76
πτηνός,6,0.02,82.78
πρόσφορος,6,0.02,82.8
ὀθνεῖος,6,0.02,82.82
ἄμορφος,6,0.02,82.84
ἐναγής,6,0.02,82.86
ἀνώμαλος,6,0.02,82.87
ἐπίδοξος,6,0.02,82.89
ἔμφρων,6,0.02,82.91
ὁμοπάτριος,6,0.02,82.93
ἀίδιος,6,0.02,82.95
λαθραῖος,6,0.02,82.97
ἀναγκαῖον,6,0.02,82.99
ἁβροδίαιτος,6,0.02,83.01
ἀνθινός,6,0.02,83.03
Ἀσσύριος,6,0.02,83.05
Κάσπιος,6,0.02,83.07
τριταῖος,6,0.02,83.09
περικαλλής,6,0.02,83.1
Μακεδονικός,6,0.02,83.12
περιπατητικός,6,0.02,83.14
μουσικός,6,0.02,83.16
σύνολος,6,0.02,83.18
ὁμαλής,6,0.02,83.2
διαρκής,6,0.02,83.22
ἐλαφρός,6,0.02,83.24
φιλόκαλος,6,0.02,83.26
ἄγροικος,6,0.02,83.28
σκοτεινός,6,0.02,83.3
νόθος,6,0.02,83.32
ποιητικός,6,0.02,83.33
ἀργός1,6,0.02,83.35
φιλάργυρος,6,0.02,83.37
ἀνήμερος,6,0.02,83.39
ἀνέστιος,6,0.02,83.41
ὑπόδικος,6,0.02,83.43
εὐτρεπής,6,0.02,83.45
εὐκαταφρόνητος,6,0.02,83.47
ἄτακτος,6,0.02,83.49
Φρεάρριος,6,0.02,83.51
ἐπίφθονος,6,0.02,83.53
καπηλικός,6,0.02,83.55
περιδεής,6,0.02,83.56
ἀξιόμαχος,6,0.02,83.58
τεχνικός,6,0.02,83.6
κτητικός,6,0.02,83.62
μεταβλητικός,6,0.02,83.64
ἀνεπιτήδειος,6,0.02,83.66
λόγιος,6,0.02,83.68
μόνιμος,6,0.02,83.7
ἄπειρος,6,0.02,83.72
πανοῦργος,6,0.02,83.74
ἄμαχος,6,0.02,83.76
πλατύς,6,0.02,83.78
σκυθρωπός,6,0.02,83.79
αὐτουργός,6,0.02,83.81
στερεός,6,0.02,83.83
θεμέλιος,6,0.02,83.85
Γαλατικός,6,0.02,83.87
θεομισής,6,0.02,83.89
πάγκαλος,6,0.02,83.91
ὑγιεινός,6,0.02,83.93
ἑσπέριος,6,0.02,83.95
κεφαλαιώδης,6,0.02,83.97
αὐτόχθων,6,0.02,83.99
πολυάνθρωπος,6,0.02,84.01
ὑποδεής,6,0.02,84.02
ἄμοιρος,6,0.02,84.04
πλώιμος,6,0.02,84.06
Μεγαλοπολίτης,6,0.02,84.08
πενταετής,6,0.02,84.1
ἰσόρροπος,6,0.02,84.12
εὐχείρωτος,6,0.02,84.14
ὁμογνώμων,6,0.02,84.16
ἀντίπρῳρος,6,0.02,84.18
γραμματοφόρος,6,0.02,84.2
συμφανής,6,0.02,84.22
ὀλυμπιάς,6,0.02,84.24
παμπλήθης,6,0.02,84.25
κληρωτός,5,0.02,84.27
βδελυρός,5,0.02,84.29
Σφήττιος,5,0.02,84.3
ἀνέμητος,5,0.02,84.32
ἄφωνος,5,0.02,84.33
κομψός,5,0.02,84.35
περιμάχητος,5,0.02,84.37
πρακτέος,5,0.02,84.38
ποθεινός,5,0.02,84.4
στυγερός,5,0.02,84.41
ἀκούσιος,5,0.02,84.43
ἀγνώμων,5,0.02,84.45
ὕπουλος,5,0.02,84.46
ὑπερμεγέθης,5,0.02,84.48
πρώτειος,5,0.02,84.49
ἀνεπίφθονος,5,0.02,84.51
φαιδρός,5,0.02,84.53
ἀλόγιστος,5,0.02,84.54
Παναθήναια,5,0.02,84.56
πρόσφατος,5,0.02,84.57
ἔμπνους,5,0.02,84.59
ναυαγός,5,0.02,84.61
ἀγαπητός,5,0.02,84.62
ἀσύμφορος,5,0.02,84.64
δυστυχής,5,0.02,84.65
ἀτυχής,5,0.02,84.67
ἠλίθιος,5,0.02,84.69
θετέος,5,0.02,84.7
Κυρηναῖος,5,0.02,84.72
ἁλουργής,5,0.02,84.73
τερπνός,5,0.02,84.75
τρυφερός,5,0.02,84.77
ἀναίσθητος,5,0.02,84.78
πλησιόχωρος,5,0.02,84.8
Κολοφώνιος,5,0.02,84.81
φιλιππικός,5,0.02,84.83
ἀνδρώδης,5,0.02,84.85
ἱππαγωγός,5,0.02,84.86
Πυθικός,5,0.02,84.88
διάχρυσος,5,0.02,84.89
Τήιος,5,0.02,84.91
ἀνυπέρβλητος,5,0.02,84.93
Ἐπικούρειος,5,0.02,84.94
νοσώδης,5,0.02,84.96
δεκαετής,5,0.02,84.97
Σάμος,5,0.02,84.99
ἄλυπος,5,0.02,85.01
δίδυμος,5,0.02,85.02
θεωρικός,5,0.02,85.04
ἄσιτος,5,0.02,85.05
ἀνασχετός,5,0.02,85.07
στρογγύλος,5,0.02,85.08
ἐραστός,5,0.02,85.1
μυθικός,5,0.02,85.12
Θάσιος,5,0.02,85.13
σκολιός,5,0.02,85.15
διαπρεπής,5,0.02,85.16
ἐρυθρός,5,0.02,85.18
Πάριος,5,0.02,85.2
ἀντίτυπος,5,0.02,85.21
νεανικός,5,0.02,85.23
ἀμελής,5,0.02,85.24
ποδαπός,5,0.02,85.26
Ἀναγυράσιος,5,0.02,85.28
πολεμιστήριος,5,0.02,85.29
τριπλάσιος,5,0.02,85.31
ἄπαις,5,0.02,85.32
ἀναίσχυντος,5,0.02,85.34
ἐρρωμένος,5,0.02,85.36
κακοήθης,5,0.02,85.37
Φλυεύς,5,0.02,85.39
σύγκλητος,5,0.02,85.4
φιλόνεικος,5,0.02,85.42
ἔνοπλος,5,0.02,85.44
δορίκτητος,5,0.02,85.45
ἀμφίλογος,5,0.02,85.47
εὐδόκιμος,5,0.02,85.48
Ῥωμαικός,5,0.02,85.5
ὑποτελής,5,0.02,85.52
μοχθηρός,5,0.02,85.53
γεωργικός,5,0.02,85.55
ἰατρικός,5,0.02,85.56
ὤνιος,5,0.02,85.58
θυμοειδής,5,0.02,85.6
ἐπικίνδυνος,5,0.02,85.61
σύνοπτος,5,0.02,85.63
ἀξιόπιστος,5,0.02,85.64
παρόμοιος,5,0.02,85.66
αὐστηρός,5,0.02,85.68
λιτός,5,0.02,85.69
ἀνέλπιστος,5,0.02,85.71
φιλικός,5,0.02,85.72
ἀέναος,5,0.02,85.74
ἄτολμος,5,0.02,85.76
ἐπιστήμων,5,0.02,85.77
βιωτός,5,0.02,85.79
στάσιμος,5,0.02,85.8
Κελτικός,5,0.02,85.82
ἀπροσδόκητος,5,0.02,85.84
σφός,5,0.02,85.85
ξένιος,5,0.02,85.87
ἀκμαῖος,5,0.02,85.88
πεδινός,5,0.02,85.9
ἐκπληκτικός,5,0.02,85.92
ὄρθιος,5,0.02,85.93
στάδιος,5,0.02,85.95
ἀρεστός,5,0.02,85.96
ὀγδώκοντα,5,0.02,85.98
ἐπικάρσιος,5,0.02,86.0
ἐγγυητός,5,0.02,86.01
Τραχίνιος,5,0.02,86.03
πεντακισμύριοι,5,0.02,86.04
ἀμβλύς,5,0.02,86.06
ξιφήρης,5,0.02,86.08
συμπαθής,5,0.02,86.09
συμφυής,5,0.02,86.11
πάρισος,5,0.02,86.12
ἐπικυδής,5,0.02,86.14
ἱππηγός,5,0.02,86.16
Εὐβοικός,5,0.02,86.17
ἐπαινετός,5,0.02,86.19
ἔνσπονδος,5,0.02,86.2
ἐγγύς,5,0.02,86.22
ἵλαος,5,0.02,86.23
νεοδαμώδης,5,0.02,86.25
ἔνδημος,4,0.01,86.26
ἀργαλέος,4,0.01,86.28
Χολαργεύς,4,0.01,86.29
ἀγοραῖος,4,0.01,86.3
εὐγνώμων,4,0.01,86.31
ἐγκώμιος,4,0.01,86.33
κεῖνος,4,0.01,86.34
ζωός,4,0.01,86.35
δάιος,4,0.01,86.37
Ῥαμνούσιος,4,0.01,86.38
ἐπίτιμος,4,0.01,86.39
τρία,4,0.01,86.4
ἀναμάρτητος,4,0.01,86.42
συνήγορος,4,0.01,86.43
στρεπτός,4,0.01,86.44
ἄσπονδος,4,0.01,86.46
ἄγραφος,4,0.01,86.47
διτάλαντος,4,0.01,86.48
ἱπποτρόφος,4,0.01,86.49
ἐξώλης,4,0.01,86.51
αἰσχροκερδής,4,0.01,86.52
αὐλητικός,4,0.01,86.53
ἄνομος,4,0.01,86.54
ἀεκούσιος,4,0.01,86.56
τρίπους,4,0.01,86.57
συναμφότεροι,4,0.01,86.58
ἀναμφισβήτητος,4,0.01,86.6
ῥάιος,4,0.01,86.61
ὀλίγιστος,4,0.01,86.62
Μιτυληναῖος,4,0.01,86.63
ἡμερήσιος,4,0.01,86.65
διαφανής,4,0.01,86.66
ἐπίλοιπος,4,0.01,86.67
Ἐφέσιος,4,0.01,86.69
τέθριππος,4,0.01,86.7
ξανθός,4,0.01,86.71
Θρᾷξ,4,0.01,86.72
Ὀλύνθιος,4,0.01,86.74
Ἡράκλειος,4,0.01,86.75
αὐθάδης,4,0.01,86.76
φοινίκεος,4,0.01,86.77
Λαρισαῖος,4,0.01,86.79
κλεινός,4,0.01,86.8
κατάπτυστος,4,0.01,86.81
εὐνοικός,4,0.01,86.83
Ἰλιακός,4,0.01,86.84
φιλόσοφος,4,0.01,86.85
ἀνελεύθερος,4,0.01,86.86
γεραρός,4,0.01,86.88
ἁδρός,4,0.01,86.89
σωτήριος,4,0.01,86.9
εὐπρόσωπος,4,0.01,86.92
ἄποπτος,4,0.01,86.93
ἐγγύτατος,4,0.01,86.94
Σκυθικός,4,0.01,86.95
ἀστικός,4,0.01,86.97
Καρικός,4,0.01,86.98
πρώιος,4,0.01,86.99
πτωχός,4,0.01,87.0
ἐγκύκλιος,4,0.01,87.02
ἰσόθεος,4,0.01,87.03
οἰκουρός,4,0.01,87.04
πάρεδρος,4,0.01,87.06
ποιητός,4,0.01,87.07
Λυδός,4,0.01,87.08
ἄκαρπος,4,0.01,87.09
παραίτιος,4,0.01,87.11
ἐναγώνιος,4,0.01,87.12
Σικυώνιος,4,0.01,87.13
σωφρονικός,4,0.01,87.15
ὅσπερ,4,0.01,87.16
ἀπράγμων,4,0.01,87.17
τρισσός,4,0.01,87.18
περίφοβος,4,0.01,87.2
ἀμύθητος,4,0.01,87.21
σαθρός,4,0.01,87.22
ἐπαχθής,4,0.01,87.23
μισθωτός,4,0.01,87.25
γυμνικός,4,0.01,87.26
κακόνους,4,0.01,87.27
ἀμφισβητήσιμος,4,0.01,87.29
ἀλιτήριος,4,0.01,87.3
στασίαρχος,4,0.01,87.31
διηνεκής,4,0.01,87.32
ἐπιτυχής,4,0.01,87.34
ἄμετρος,4,0.01,87.35
ἀπόλεμος,4,0.01,87.36
ἄσυλος,4,0.01,87.38
ἔνδηλος,4,0.01,87.39
Γρακχείος,4,0.01,87.4
ἀδόκητος,4,0.01,87.41
θαμινός,4,0.01,87.43
ἐπίχρυσος,4,0.01,87.44
Κιμβρικός,4,0.01,87.45
Καρβωνείος,4,0.01,87.46
διαβατός,4,0.01,87.48
ὑπόνομος,4,0.01,87.49
ἔνορκος,4,0.01,87.5
ἀδεής,4,0.01,87.52
λεκτέος,4,0.01,87.53
θηρευτικός,4,0.01,87.54
λῃστρικός,4,0.01,87.55
πλωτός,4,0.01,87.57
ἠθικός,4,0.01,87.58
φιλοχρήματος,4,0.01,87.59
ἐγγύτερος,4,0.01,87.61
μυρίανδρος,4,0.01,87.62
ἀνάλογος,4,0.01,87.63
ἀνυπεύθυνος,4,0.01,87.64
σφαλερός,4,0.01,87.66
καθυπέρτερος,4,0.01,87.67
Καρχηδόνιος,4,0.01,87.68
Ἑλλάς,4,0.01,87.69
σύννομος,4,0.01,87.71
κρατερός,4,0.01,87.72
Ἀρμένιος,4,0.01,87.73
ἀνάλωτος,4,0.01,87.75
ἄνυδρος,4,0.01,87.76
καίριος,4,0.01,87.77
φθονερός,4,0.01,87.78
τηλικόσδε,4,0.01,87.8
ἐμπορικός,4,0.01,87.81
ἀδοκίμαστος,4,0.01,87.82
συγγνώμων,4,0.01,87.84
Ἀχαϊκός,4,0.01,87.85
εὔβοτος,4,0.01,87.86
τρίγωνος,4,0.01,87.87
ἔμπηρος,4,0.01,87.89
δραστήριος,4,0.01,87.9
οὔριος,4,0.01,87.91
εὔκοσμος,4,0.01,87.92
ἀπαραίτητος,4,0.01,87.94
ἄπλετος,4,0.01,87.95
τριήκοντα,4,0.01,87.96
Σάρδεις,4,0.01,87.98
μηδαμός,4,0.01,87.99
ἀπότομος,4,0.01,88.0
ἥσυχος,4,0.01,88.01
ἀσινής,4,0.01,88.03
ἐπιτελής,4,0.01,88.04
ἀναρίθμητος,4,0.01,88.05
ἐπιθαλάσσιος,4,0.01,88.07
εὐκίνητος,4,0.01,88.08
μεταγενής,4,0.01,88.09
διπλασίων,4,0.01,88.1
χαλκίοικος,4,0.01,88.12
ἀοίκητος,4,0.01,88.13
Ὑρκάνιος,4,0.01,88.14
στασιώδης,4,0.01,88.15
φευκτός,4,0.01,88.17
ψυχικός,4,0.01,88.18
Ἄνδριος,4,0.01,88.19
θαρσαλέος,4,0.01,88.21
ὄψιος,4,0.01,88.22
ἀπρόσιτος,4,0.01,88.23
ἀήττητος,4,0.01,88.24
περίβλεπτος,4,0.01,88.26
ἄοπλος,4,0.01,88.27
ἀδήριτος,4,0.01,88.28
ληπτέος,4,0.01,88.3
Κλεομενικός,4,0.01,88.31
λοιμικός,4,0.01,88.32
πάρεργος,4,0.01,88.33
μεθοδικός,4,0.01,88.35
Ἀννιβιακός,4,0.01,88.36
ἄοκνος,4,0.01,88.37
ληξιαρχικός,3,0.01,88.38
καθάρσιος,3,0.01,88.39
ἀνεκτός,3,0.01,88.4
ἐπιζήμιος,3,0.01,88.41
ἀσελγής,3,0.01,88.42
ἀστεφάνωτος,3,0.01,88.43
ἀντίγραφος,3,0.01,88.44
προσεκτέος,3,0.01,88.45
ἀβίωτος,3,0.01,88.46
ἀψευδής,3,0.01,88.47
ὀχληρός,3,0.01,88.48
ἀνήκοος,3,0.01,88.49
ἀκλεής,3,0.01,88.5
δείλαιος,3,0.01,88.51
ἐπιδέξιος,3,0.01,88.52
ἐπωνύμιος,3,0.01,88.53
ἀπόρθητος,3,0.01,88.54
ἀνάπηρος,3,0.01,88.54
διάδηλος,3,0.01,88.55
ὁμωρόφιος,3,0.01,88.56
Μηθυμναῖος,3,0.01,88.57
ἀείμνηστος,3,0.01,88.58
Δωδωναῖος,3,0.01,88.59
ἀκήρυκτος,3,0.01,88.6
εὔφωνος,3,0.01,88.61
τριηραρχικός,3,0.01,88.62
μνημονικός,3,0.01,88.63
δυσσεβής,3,0.01,88.64
χερσαῖος,3,0.01,88.65
ἀπόπληκτος,3,0.01,88.66
δόλιος,3,0.01,88.67
τιθασός,3,0.01,88.68
εὔκολος,3,0.01,88.69
λάβρος,3,0.01,88.7
ἄγχιστος,3,0.01,88.71
ἐπιχειρητέον,3,0.01,88.72
ὀκνηρός,3,0.01,88.73
ἀβασάνιστος,3,0.01,88.74
ὕστατος,3,0.01,88.75
ἀτέλεστος,3,0.01,88.76
ἀνεξέταστος,3,0.01,88.77
ὁμαλός,3,0.01,88.77
εὐκλεής,3,0.01,88.78
ἐπονείδιστος,3,0.01,88.79
ὠκύς,3,0.01,88.8
ἀόρατος,3,0.01,88.81
πολυθρύλητος,3,0.01,88.82
πόντιος,3,0.01,88.83
Κυμαῖος,3,0.01,88.84
δασύς,3,0.01,88.85
Φρύγιος,3,0.01,88.86
χλωρός,3,0.01,88.87
ἔμφυλος,3,0.01,88.88
περίεργος,3,0.01,88.89
Ὀλυμπικός,3,0.01,88.9
πένθιμος,3,0.01,88.91
ἀδάκρυτος,3,0.01,88.92
εὐρύς,3,0.01,88.93
τρισκαιδέκατος,3,0.01,88.94
μουσουργός,3,0.01,88.95
κατάρρυτος,3,0.01,88.96
ἔκφρων,3,0.01,88.97
ἐπινίκιος,3,0.01,88.98
κίβδηλος,3,0.01,88.99
Ἀβυδηνός,3,0.01,89.0
ἁλουργός,3,0.01,89.0
μεσόλευκος,3,0.01,89.01
ἀφόρητος,3,0.01,89.02
γαμικός,3,0.01,89.03
ἀντιπρόσωπος,3,0.01,89.04
περίχρυσος,3,0.01,89.05
περιάργυρος,3,0.01,89.06
Ἰνδικός,3,0.01,89.07
Ταραντῖνος,3,0.01,89.08
Κυζικηνός,3,0.01,89.09
κραταιός,3,0.01,89.1
ἀνδρομήκης,3,0.01,89.11
ἐπιτερπής,3,0.01,89.12
Περγαμηνός,3,0.01,89.13
ἀνασπαστός,3,0.01,89.14
εὐόφθαλμος,3,0.01,89.15
ἐατέος,3,0.01,89.16
στωικός,3,0.01,89.17
ἀνυπόδητος,3,0.01,89.18
Κῷος,3,0.01,89.19
ἄνοσος,3,0.01,89.2
ἄγαμος,3,0.01,89.21
ἄπροικος,3,0.01,89.22
Φαληρεύς,3,0.01,89.23
Ῥοδιακός,3,0.01,89.23
περιπαθής,3,0.01,89.24
τετράπους,3,0.01,89.25
πρόοπτος,3,0.01,89.26
ἀβέλτερος,3,0.01,89.27
ἀδάμας,3,0.01,89.28
χρυσοφόρος,3,0.01,89.29
μεγαλόφωνος,3,0.01,89.3
γραμματικός,3,0.01,89.31
ἁρμοστός,3,0.01,89.32
φορτηγός,3,0.01,89.33
ἐπιρρεπής,3,0.01,89.34
εὔθικτος,3,0.01,89.35
γλαφυρός,3,0.01,89.36
ποντικός,3,0.01,89.37
Θεσπικός,3,0.01,89.38
ἄκλητος,3,0.01,89.39
ἐμμελής,3,0.01,89.4
σατυρικός,3,0.01,89.41
Καταναῖος,3,0.01,89.42
μεγάλαυχος,3,0.01,89.43
καταφερής,3,0.01,89.44
Ἐλευσίνιος,3,0.01,89.45
κυνικός,3,0.01,89.46
φιλάδελφος,3,0.01,89.46
ἄζηλος,3,0.01,89.47
ἐπαφρόδιτος,3,0.01,89.48
Ἀργολικός,3,0.01,89.49
ἀπειθής,3,0.01,89.5
ἱρός,3,0.01,89.51
Λέσβιος,3,0.01,89.52
ἑξάμετρος,3,0.01,89.53
Λευκτρικός,3,0.01,89.54
ἀνθηρός,3,0.01,89.55
ἐκπρεπής,3,0.01,89.56
τεσσαρεσκαίδεκα,3,0.01,89.57
ἄθεος,3,0.01,89.58
ἄκακος,3,0.01,89.59
ὕστερον,3,0.01,89.6
ἀδόκιμος,3,0.01,89.61
ἱεροποιός,3,0.01,89.62
ἀγώγιμος,3,0.01,89.63
ἄρσην,3,0.01,89.64
ἐπίκαιρος,3,0.01,89.65
συναίτιος,3,0.01,89.66
Διονύσιος,3,0.01,89.67
ἔμφρουρος,3,0.01,89.68
ἄμεμπτος,3,0.01,89.69
ἄκοσμος,3,0.01,89.69
ἑξάμηνος,3,0.01,89.7
ἐτήσιος,3,0.01,89.71
ἀστράτευτος,3,0.01,89.72
ἀλλόκοτος,3,0.01,89.73
περιπόρφυρος,3,0.01,89.74
ἀτριβής,3,0.01,89.75
νεαλής,3,0.01,89.76
κατήκοος,3,0.01,89.77
ἀνεύθυνος,3,0.01,89.78
θεμιτός,3,0.01,89.79
νεογνός,3,0.01,89.8
τριέτης,3,0.01,89.81
Σύλλειος,3,0.01,89.82
Συλλείος,3,0.01,89.83
ἐπέτειος,3,0.01,89.84
ἀμφίβολος,3,0.01,89.85
Πυρηναῖος,3,0.01,89.86
χειροήθης,3,0.01,89.87
Ἰβηρικός,3,0.01,89.88
σύνθετος,3,0.01,89.89
ἀνώνυμος,3,0.01,89.9
θεωρητέον,3,0.01,89.91
νομαδικός,3,0.01,89.92
ἄρτιος,3,0.01,89.92
ἐργώδης,3,0.01,89.93
νεωτεροποιός,3,0.01,89.94
ἀλεεινός,3,0.01,89.95
ταραχώδης,3,0.01,89.96
γυμναστικός,3,0.01,89.97
γηγενής,3,0.01,89.98
πρόσχωρος,3,0.01,89.99
ἀστασίαστος,3,0.01,90.0
Χαλκιδικός,3,0.01,90.01
εὐσύνοπτος,3,0.01,90.02
ἀήθης,3,0.01,90.03
Ἀχαιός,3,0.01,90.04
ἔξαλλος,3,0.01,90.05
κεραυνοφόρος,3,0.01,90.06
ἀμίμητος,3,0.01,90.07
μεγαλόφρων,3,0.01,90.08
νωθής,3,0.01,90.09
ἀκρώνυχος,3,0.01,90.1
ὑπατικός,3,0.01,90.11
ἄθυμος,3,0.01,90.12
θολερός,3,0.01,90.13
εὐθύφρων,3,0.01,90.14
δοτέος,3,0.01,90.15
κυνηγετικός,3,0.01,90.15
ἀδελφός,3,0.01,90.16
ὁπλιτικός,3,0.01,90.17
ἐξαπίναιος,3,0.01,90.18
ῥαίδιος,3,0.01,90.19
Φοινικικός,3,0.01,90.2
μονοειδής,3,0.01,90.21
αὐθιγενής,3,0.01,90.22
ὁμοτέρμων,3,0.01,90.23
Λιγυστικός,3,0.01,90.24
προσεσπέριος,3,0.01,90.25
θεοπρεπής,3,0.01,90.26
μήκιστος,3,0.01,90.27
νότιος,3,0.01,90.28
σύνηθης,3,0.01,90.29
Καμπανοί,3,0.01,90.3
ἐφέστιος,3,0.01,90.31
στεγανός,3,0.01,90.32
πάμφορος,3,0.01,90.33
κρημνώδης,3,0.01,90.34
ἐξαίσιος,3,0.01,90.35
ἐγκύμων,3,0.01,90.36
μετάπεμπτος,3,0.01,90.37
Αἰνείας,3,0.01,90.38
λυπρός,3,0.01,90.38
τειχήρης,3,0.01,90.39
ἀσέληνος,3,0.01,90.4
ἔποικος,3,0.01,90.41
κατάπλεος,3,0.01,90.42
συνηρεφής,3,0.01,90.43
κοῖλος,3,0.01,90.44
ὁπλοφόρος,3,0.01,90.45
τεσσεράκοντα,3,0.01,90.46
ἄνολβος,3,0.01,90.47
λογάς,3,0.01,90.48
νεόγαμος,3,0.01,90.49
ἄχαρις,3,0.01,90.5
κυκλοτερής,3,0.01,90.51
ἀντίον,3,0.01,90.52
μετεξέτεροι,3,0.01,90.53
πλῆθος,3,0.01,90.54
κατήκους,3,0.01,90.55
Σύριος,3,0.01,90.56
συνάπας,3,0.01,90.57
ἀζήμιος,3,0.01,90.58
Καρχηδών,3,0.01,90.59
παμπληθής,3,0.01,90.6
εὐεργετικός,3,0.01,90.61
ἑπτακισχίλιοι,3,0.01,90.61
ἀμφίδοξος,3,0.01,90.62
προγενής,3,0.01,90.63
Ἰουδαικός,3,0.01,90.64
ἀσύντακτος,3,0.01,90.65
πολύτροπος,3,0.01,90.66
εὐχάριστος,3,0.01,90.67
λιπαρός,3,0.01,90.68
εὔστοχος,3,0.01,90.69
μητρώιος,3,0.01,90.7
ἀνέκδοτος,3,0.01,90.71
ἀριστεῖος,3,0.01,90.72
παράσπονδος,3,0.01,90.73
συμβόλαιος,3,0.01,90.74
κατάλοιπος,3,0.01,90.75
φιλοκίνδυνος,3,0.01,90.76
πολεμητέος,3,0.01,90.77
ἰσόψηφος,3,0.01,90.78
ἐνακισχίλιοι,3,0.01,90.79
ἀφελής,3,0.01,90.8
γελωτοποιός,3,0.01,90.81
νικηφόρος,3,0.01,90.82
εὐπειθής,3,0.01,90.83
προὔργου,3,0.01,90.84
Σικυών,3,0.01,90.84
ἐκπλαγής,3,0.01,90.85
θέρειος,3,0.01,90.86
δυσπρόσοδος,3,0.01,90.87
κατάφοβος,3,0.01,90.88
καθολικός,3,0.01,90.89
ὁμόλογος,3,0.01,90.9
ἀνυπονόητος,3,0.01,90.91
Φάριος,3,0.01,90.92
αὐθαίρετος,3,0.01,90.93
ἐθνικός,3,0.01,90.94
ἐφικτός,3,0.01,90.95
νουνεχής,3,0.01,90.96
ἐλλιπής,3,0.01,90.97
ἁπλός,3,0.01,90.98
ἡμιόλιος,3,0.01,90.99
σύμφωνος,3,0.01,91.0
ἡμερινός,3,0.01,91.01
ἔγγραπτος,3,0.01,91.02
ἀγχίνοος,3,0.01,91.03
Αἰτωλός,3,0.01,91.04
λῃστικός,3,0.01,91.05
ἄφρακτος,3,0.01,91.06
ἄπονος,3,0.01,91.07
ἄληπτος,3,0.01,91.07
τροπαῖος,3,0.01,91.08
φιλομαθής,3,0.01,91.09
χρυσοχάλινος,3,0.01,91.1
ἀγύμναστος,3,0.01,91.11
δρεπανηφόρος,3,0.01,91.12
σκευόφορος,3,0.01,91.13
πορεύσιμος,3,0.01,91.14
κατάντης,3,0.01,91.15
φρονητέον,3,0.01,91.16
φυλακτέος,2,0.01,91.17
εὐμαθής,2,0.01,91.17
κύκλιος,2,0.01,91.18
οἰκετικός,2,0.01,91.19
στεφανηφόρος,2,0.01,91.19
χειροτονητός,2,0.01,91.2
Σουνιεύς,2,0.01,91.21
Ἀζηνιεύς,2,0.01,91.21
ἐπιλήσμων,2,0.01,91.22
ἀσύμβολος,2,0.01,91.22
εὔφημος,2,0.01,91.23
ἔκκλητος,2,0.01,91.24
ἀλυσιτελής,2,0.01,91.24
ὅρκιος,2,0.01,91.25
πορνικός,2,0.01,91.26
ὕβριστος,2,0.01,91.26
ἀτιμώρητος,2,0.01,91.27
ὠκύμορος,2,0.01,91.28
δῖος,2,0.01,91.28
ἀνάπαιστος,2,0.01,91.29
Ἀφιδναῖος,2,0.01,91.3
Θράκιος,2,0.01,91.3
κακοδαίμων,2,0.01,91.31
ἀπείρατος,2,0.01,91.31
κισσοφόρος,2,0.01,91.32
λικνοφόρος,2,0.01,91.33
ἔνθρυπτος,2,0.01,91.33
νεήλατος,2,0.01,91.34
ὑπέρλαμπρος,2,0.01,91.35
βαρύστονος,2,0.01,91.35
μικρόψυχος,2,0.01,91.36
ὁμόσπονδος,2,0.01,91.37
ἀδιάφθορος,2,0.01,91.37
νεώσοικος,2,0.01,91.38
λαμπρόφωνος,2,0.01,91.38
προώλης,2,0.01,91.39
περιμήκης,2,0.01,91.4
πετεινός,2,0.01,91.4
ἔμπυρος,2,0.01,91.41
ψευδολόγος,2,0.01,91.42
μωρός,2,0.01,91.42
ἀπρεπής,2,0.01,91.43
κακοπράγμων,2,0.01,91.44
μεσοπόλιος,2,0.01,91.44
ἐπίορκος,2,0.01,91.45
βουλαῖος,2,0.01,91.45
ἀμνήμων,2,0.01,91.46
ἀνεξέλεγκτος,2,0.01,91.47
ὑπαίτιος,2,0.01,91.47
ἐνθύμιος,2,0.01,91.48
ἄπαρνος,2,0.01,91.49
λογιστέος,2,0.01,91.49
ἀνάλγητος,2,0.01,91.5
ἀπολαυστικός,2,0.01,91.51
ἀγρίος,2,0.01,91.51
Ὁμηρικός,2,0.01,91.52
ἀμεταμέλητος,2,0.01,91.53
πετραῖος,2,0.01,91.53
εὐώδης,2,0.01,91.54
μηλοφόρος,2,0.01,91.54
Σαρδιανός,2,0.01,91.55
λιθοκόλλητος,2,0.01,91.56
Σολεύς,2,0.01,91.56
ὀψαρτυτικός,2,0.01,91.57
Λοκρός,2,0.01,91.58
ἑφθός,2,0.01,91.58
πίων,2,0.01,91.59
εὐθής,2,0.01,91.6
παρασκευαστικός,2,0.01,91.6
Μελιταῖος,2,0.01,91.61
κατάστεγος,2,0.01,91.61
ὀρχηστικός,2,0.01,91.62
ὀπίσθιος,2,0.01,91.63
ἰδιόστολος,2,0.01,91.63
ποδήρης,2,0.01,91.64
ἰοβαφής,2,0.01,91.65
μήλινος,2,0.01,91.65
φλόγινος,2,0.01,91.66
περισπούδαστος,2,0.01,91.67
ἰσοστάσιος,2,0.01,91.67
ἡδυπαθής,2,0.01,91.68
κατάχρεος,2,0.01,91.68
ἐκτενής,2,0.01,91.69
Εὐρωπιακός,2,0.01,91.7
ἑκατόμπεδος,2,0.01,91.7
νωθρός,2,0.01,91.71
ἐλεφάντινος,2,0.01,91.72
εὐπαίδευτος,2,0.01,91.72
Πελοποννησιακός,2,0.01,91.73
τριηρικός,2,0.01,91.74
ὄρφνινος,2,0.01,91.74
χρυσόπαστος,2,0.01,91.75
εὐρύχορος,2,0.01,91.76
ἀργυρόπους,2,0.01,91.76
Ἀριστοτελικός,2,0.01,91.77
ἰδιόξενος,2,0.01,91.77
διάλιθος,2,0.01,91.78
θαυματοποιός,2,0.01,91.79
Ἡρακλεώτης,2,0.01,91.79
Χαλκιδεύς,2,0.01,91.8
Κνίδιος,2,0.01,91.81
κυάνεος,2,0.01,91.81
ὑσγινοβαφής,2,0.01,91.82
χρυσέος,2,0.01,91.83
γρυπός,2,0.01,91.83
ὁλομελής,2,0.01,91.84
ἀδιαίρετος,2,0.01,91.84
εὐλαβητέος,2,0.01,91.85
ὀλέθριος,2,0.01,91.86
κρηναῖος,2,0.01,91.86
τετράκυκλος,2,0.01,91.87
ἀνάγωγος,2,0.01,91.88
ἀνομοθέτητος,2,0.01,91.88
ἱλαρός,2,0.01,91.89
ἡλιόμορφος,2,0.01,91.9
ἄσωτος,2,0.01,91.9
τιμητέος,2,0.01,91.91
τοιουτότροπος,2,0.01,91.91
πρόσηβος,2,0.01,91.92
Ἱστορικός,2,0.01,91.93
κρεμαστός,2,0.01,91.93
λοίδορος,2,0.01,91.94
κεραμεοῦς,2,0.01,91.95
ἀκαρής,2,0.01,91.95
χλιδανός,2,0.01,91.96
λαοφόρος,2,0.01,91.97
διφυής,2,0.01,91.97
πρώτιστος,2,0.01,91.98
Φεραῖος,2,0.01,91.99
ἀνάπλεος,2,0.01,91.99
ἄμικτος,2,0.01,92.0
Αἰγαῖος,2,0.01,92.0
Μεγαρικός,2,0.01,92.01
Αἰγυπτιακός,2,0.01,92.02
βακχικός,2,0.01,92.02
Κολοφωνιάκος,2,0.01,92.03
σοβαρός,2,0.01,92.04
Κέως,2,0.01,92.04
ῥόδεος,2,0.01,92.05
ῥοδοδάκτυλος,2,0.01,92.06
ἑταιρικός,2,0.01,92.06
πρωτόπειρος,2,0.01,92.07
λεπτόπηνος,2,0.01,92.07
σκότιος,2,0.01,92.08
μεγαλόμισθος,2,0.01,92.09
πάνδημος,2,0.01,92.09
ἄδολος,2,0.01,92.1
εὔσχημος,2,0.01,92.11
ἀμφίπολος,2,0.01,92.11
ἀφνειός,2,0.01,92.12
Ἀθήναιος,2,0.01,92.13
δύω,2,0.01,92.13
Συριακός,2,0.01,92.14
αἰσχροποιός,2,0.01,92.14
ἐριστικός,2,0.01,92.15
ἐπίγονος,2,0.01,92.16
ἀναγωγός,2,0.01,92.16
μόσχειος,2,0.01,92.17
πολυτάλαντος,2,0.01,92.18
ἀρχέτυπος,2,0.01,92.18
αἰδήμων,2,0.01,92.19
ἁλώιος,2,0.01,92.2
ἄορνος,2,0.01,92.2
περίπλους,2,0.01,92.21
δίδραχμος,2,0.01,92.22
αἰνός,2,0.01,92.22
γνωστός,2,0.01,92.23
πεντάμετρος,2,0.01,92.23
ἱμερόεις,2,0.01,92.24
Μύσιος,2,0.01,92.25
ἐρωτομανής,2,0.01,92.25
Ἀτλαντικός,2,0.01,92.26
ἁρμονικός,2,0.01,92.27
ἀκήρατος,2,0.01,92.27
σκιερός,2,0.01,92.28
ἀθαμβής,2,0.01,92.29
εὔμορφος,2,0.01,92.29
Τυρηηνός,2,0.01,92.3
δούρειος,2,0.01,92.3
καρτερικός,2,0.01,92.31
φυλακτικός,2,0.01,92.32
παμφάγος,2,0.01,92.32
μυρεψικός,2,0.01,92.33
σιτηγός,2,0.01,92.34
Θριάσιος,2,0.01,92.34
ὑπόχρεως,2,0.01,92.35
ἄμισθος,2,0.01,92.36
πότε,2,0.01,92.36
τακτός,2,0.01,92.37
ὑπέρογκος,2,0.01,92.37
ἄφιλος,2,0.01,92.38
ἀπρόσκλητος,2,0.01,92.39
ὅσοσπερ,2,0.01,92.39
Φαληρεὺς,2,0.01,92.4
ἔμμισθος,2,0.01,92.41
τειχοποιός,2,0.01,92.41
δωροδόκος,2,0.01,92.42
αὐτεπάγγελτος,2,0.01,92.43
ἐπείσακτος,2,0.01,92.43
ἁμός1,2,0.01,92.44
παραιτητής,2,0.01,92.45
Δεκελεικός,2,0.01,92.45
συνεκκαίδεκα,2,0.01,92.46
μεθημερινός,2,0.01,92.46
ἀνόνητος,2,0.01,92.47
Ἀμφικτυονικός,2,0.01,92.48
χειμάρρους,2,0.01,92.48
πυλαῖος,2,0.01,92.49
δοριάλωτος,2,0.01,92.5
ἀποστατέον,2,0.01,92.5
φιλαίτιος,2,0.01,92.51
ἐπαγωγός,2,0.01,92.52
ἀπόκρημνος,2,0.01,92.52
ἐνετός,2,0.01,92.53
ἀπαίσιος,2,0.01,92.53
κατάφωρος,2,0.01,92.54
δριμύς,2,0.01,92.55
στερρός,2,0.01,92.55
πρόρριζος,2,0.01,92.56
γείτων,2,0.01,92.57
πολυήμερος,2,0.01,92.57
ἀπατηλός,2,0.01,92.58
πολύχρυσος,2,0.01,92.59
ἔνθεος,2,0.01,92.59
πολυχρήματος,2,0.01,92.6
ἔμπλεος,2,0.01,92.6
ἐπίφοβος,2,0.01,92.61
ὀξύς,2,0.01,92.62
Λευκανός,2,0.01,92.62
Μιθριδατείος,2,0.01,92.63
ἄταφος,2,0.01,92.64
ἐπιτάφιος,2,0.01,92.64
μονόμαχος,2,0.01,92.65
Σπαρτάκειος,2,0.01,92.66
δύσεργος,2,0.01,92.66
εὐαρίθμητος,2,0.01,92.67
ἐφήμερος,2,0.01,92.68
ἀγελαῖος,2,0.01,92.68
ζητητέος,2,0.01,92.69
ἐξωτερικός,2,0.01,92.69
εἰρηνικός,2,0.01,92.7
ἅτερος,2,0.01,92.71
ὑφαντικός,2,0.01,92.71
ζῳόφαγος,2,0.01,92.72
καρποφάγος,2,0.01,92.73
βουλευτικός,2,0.01,92.73
ὑποληπτέον,2,0.01,92.74
ἀρχικός,2,0.01,92.75
διδασκαλικός,2,0.01,92.75
ἀπέραντος,2,0.01,92.76
πενταπλάσιος,2,0.01,92.76
χείριστος,2,0.01,92.77
στοχαστέον,2,0.01,92.78
κινητέος,2,0.01,92.78
παιδαριώδης,2,0.01,92.79
αὐτογνώμων,2,0.01,92.8
ἀχρήματος,2,0.01,92.8
ἄσκεπτος,2,0.01,92.81
μαχαιροποιός,2,0.01,92.82
ταλαντιαῖος,2,0.01,92.82
ἀτίμητος,2,0.01,92.83
ἀντιληπτέον,2,0.01,92.83
ἀντίρροπος,2,0.01,92.84
ἔγκυος,2,0.01,92.85
ἄυπνος,2,0.01,92.85
ἀναίμακτος,2,0.01,92.86
ὑπερφυής,2,0.01,92.87
ἄβουλος,2,0.01,92.87
φιλοτήσιος,2,0.01,92.88
Ἑλλησπόντιος,2,0.01,92.89
ὄρειος,2,0.01,92.89
εὐδιάλλακτος,2,0.01,92.9
θυμικός,2,0.01,92.91
ἀγωγός,2,0.01,92.91
γλίσχρος,2,0.01,92.92
βριθύς,2,0.01,92.92
ἄφθαρτος,2,0.01,92.93
ἀσάλευτος,2,0.01,92.94
ἀναντίρρητος,2,0.01,92.94
εὔβατος,2,0.01,92.95
δίπηχυς,2,0.01,92.96
ἀτερπής,2,0.01,92.96
μανικός,2,0.01,92.97
εὐάρμοστος,2,0.01,92.98
κεραύνιος,2,0.01,92.98
ἀβοήθητος,2,0.01,92.99
παραποτάμιος,2,0.01,92.99
ἀπολογητέον,2,0.01,93.0
χρησμῳδός,2,0.01,93.01
Κλαζομένιος,2,0.01,93.01
Σαλαμίνιος,2,0.01,93.02
ὁρατός,2,0.01,93.03
παλίμβολος,2,0.01,93.03
ἀτρεκής,2,0.01,93.04
χθαμαλός,2,0.01,93.05
νεοτόκος,2,0.01,93.05
Τυρρηνός,2,0.01,93.06
ἐράσμιος,2,0.01,93.06
ἄφοβος,2,0.01,93.07
πειθήνιος,2,0.01,93.08
γόνιμος,2,0.01,93.08
ἀμαυρός,2,0.01,93.09
μεσημβρινός,2,0.01,93.1
χείμαρρος,2,0.01,93.1
ἔκπυστος,2,0.01,93.11
διάκενος,2,0.01,93.12
γεώδης,2,0.01,93.12
μιαίφονος,2,0.01,93.13
τρισκαίδεκα,2,0.01,93.14
ὁμοτράπεζος,2,0.01,93.14
βοηλατικός,2,0.01,93.15
ἀδικητέον,2,0.01,93.15
Ἑλληνίς,2,0.01,93.16
ναυπηγήσιμος,2,0.01,93.17
λεῖος,2,0.01,93.17
στενόπορος,2,0.01,93.18
δεκαπλάσιος,2,0.01,93.19
διέτης,2,0.01,93.19
αὐτοσχέδιος,2,0.01,93.2
εὐλόγιστος,2,0.01,93.21
ἀμνημόνευτος,2,0.01,93.21
μικτός,2,0.01,93.22
ὑπεράκριος,2,0.01,93.22
περίρρυτος,2,0.01,93.23
θεόπεμπτος,2,0.01,93.24
διετήσιος,2,0.01,93.24
προσεμφερής,2,0.01,93.25
ἀθέατος,2,0.01,93.26
Σατόρνιος,2,0.01,93.26
λέσβιος,2,0.01,93.27
δίγλωσσος,2,0.01,93.28
Τυρρήνιος,2,0.01,93.28
ὁμοδίαιτος,2,0.01,93.29
λάσιος,2,0.01,93.29
χειμέριος,2,0.01,93.3
ποιμενικός,2,0.01,93.31
Κρόνιος,2,0.01,93.31
σιτοφόρος,2,0.01,93.32
μετοπωρινός,2,0.01,93.33
ἱπποφορβός,2,0.01,93.33
ἕλειος,2,0.01,93.34
ἀταλαίπωρος,2,0.01,93.35
νεόκτιστος,2,0.01,93.35
ἐθελούσιος,2,0.01,93.36
ὕφαλος,2,0.01,93.37
ἀδῄωτος,2,0.01,93.37
ἡμιτελής,2,0.01,93.38
Δήλιος,2,0.01,93.38
χθόνιος,2,0.01,93.39
δυσάλωτος,2,0.01,93.4
ἐμφερής,2,0.01,93.4
ἀβούλητος,2,0.01,93.41
τιμητικός,2,0.01,93.42
ἀβασίλευτος,2,0.01,93.42
συοφορβός,2,0.01,93.43
ἄδεσμος,2,0.01,93.44
ἀπίθανος,2,0.01,93.44
νομευτικός,2,0.01,93.45
ἀκοινώνητος,2,0.01,93.45
ἐξίτηλος,2,0.01,93.46
αἰχμοφόρος,2,0.01,93.47
τρίμετρος,2,0.01,93.47
δυό,2,0.01,93.48
ἀξιαφήγητος,2,0.01,93.49
διφάσιος,2,0.01,93.49
Μυτιληναῖος,2,0.01,93.5
ἐμβόλιμος,2,0.01,93.51
ὀλιγοχρόνιος,2,0.01,93.51
πατρώιος,2,0.01,93.52
ἐπίστιος,2,0.01,93.52
ἑταιρεῖος,2,0.01,93.53
παλαστιαῖος,2,0.01,93.54
ἄπεφθος,2,0.01,93.54
Ἰσμήνιος,2,0.01,93.55
Δωρικός,2,0.01,93.56
τεκνοποιός,2,0.01,93.56
πρόδρομος,2,0.01,93.57
χρησμολόγος,2,0.01,93.58
πίσυνος,2,0.01,93.58
ἀγαθοεργός,2,0.01,93.59
προσδόκιμος,2,0.01,93.6
σκευοφόρος,2,0.01,93.6
ἐπίμαχος,2,0.01,93.61
πολύευκτος,2,0.01,93.61
λωίων,2,0.01,93.62
θεοσεβής,2,0.01,93.63
εὐθύς1,2,0.01,93.63
δουλοπρεπής,2,0.01,93.64
ὀπτός,2,0.01,93.65
ἁλής,2,0.01,93.65
ὑποβολιμαῖος,2,0.01,93.66
λόγιμος,2,0.01,93.67
Καδμεῖος,2,0.01,93.67
ὀνομαστός,2,0.01,93.68
ἰθύς1,2,0.01,93.68
περίμετρος,2,0.01,93.69
εἴκοσί,2,0.01,93.7
νηυσιπέρητος,2,0.01,93.7
ὑποβρύχιος,2,0.01,93.71
σχοινοτενής,2,0.01,93.72
καρποφόρος,2,0.01,93.72
λίνεος,2,0.01,93.73
ἐπίγαμος,2,0.01,93.74
τετραετής,2,0.01,93.74
ἀχάριτος,2,0.01,93.75
ἄνιππος,2,0.01,93.75
τριετής,2,0.01,93.76
ἔκθυμος,2,0.01,93.77
σύμψηφος,2,0.01,93.77
κατάγομος,2,0.01,93.78
ἀμπελόφυτος,2,0.01,93.79
γεώλοφος,2,0.01,93.79
πολλαπλασίων,2,0.01,93.8
ἑπταετής,2,0.01,93.81
ἔφεδρος,2,0.01,93.81
δραστικός,2,0.01,93.82
διάπυρος,2,0.01,93.83
διαπυρος,2,0.01,93.83
ἔγγονος,2,0.01,93.84
κειμήλιος,2,0.01,93.84
ὑπόγαιος,2,0.01,93.85
πετροβόλος,2,0.01,93.86
ἄτονος,2,0.01,93.86
εὔθυμος,2,0.01,93.87
μικρολόγος,2,0.01,93.88
δυσκίνητος,2,0.01,93.88
ἐγγίων,2,0.01,93.89
προμηθής,2,0.01,93.9
Καισάρειος,2,0.01,93.9
βαραθρώδης,2,0.01,93.91
ἀνήνυτος,2,0.01,93.91
βουλευτέον,2,0.01,93.92
Λευκάδιος,2,0.01,93.93
ἀμυδρός,2,0.01,93.93
αὔλειος,2,0.01,93.94
ὁμόψηφος,2,0.01,93.95
γαμήλιος,2,0.01,93.95
παλαμναῖος,2,0.01,93.96
μισόδημος,2,0.01,93.97
Ὀλυμπιακός,2,0.01,93.97
νεώτατος,2,0.01,93.98
πολεμίος,2,0.01,93.98
ἔγγραφος,2,0.01,93.99
γυναικώδης,2,0.01,94.0
ῥωμαλέος,2,0.01,94.0
ἀφιλότιμος,2,0.01,94.01
ἀποφθεγματικός,2,0.01,94.02
παραστατικός,2,0.01,94.02
ἀλγεινός,2,0.01,94.03
ἐμβατήριος,2,0.01,94.04
στρυφνός,2,0.01,94.04
ἀνδραποδώδης,2,0.01,94.05
εὔοπλος,2,0.01,94.06
ἐπιμελητέον,2,0.01,94.06
διδακτός,2,0.01,94.07
μαθητός,2,0.01,94.07
εὔφορος,2,0.01,94.08
παιγνιώδης,2,0.01,94.09
ἀποτρόπαιος,2,0.01,94.09
ἐκπαθής,2,0.01,94.1
καταπλαγής,2,0.01,94.11
κινητικός,2,0.01,94.11
ἀντιπέρα,2,0.01,94.12
εὐέφοδος,2,0.01,94.13
ἐπικάμπιος,2,0.01,94.13
ἔφοδος1,2,0.01,94.14
πορευτός,2,0.01,94.14
Σαρδῷος,2,0.01,94.15
ἐπιβατικός,2,0.01,94.16
Ἐρύκινος,2,0.01,94.16
ἀνάσκητος,2,0.01,94.17
μισθοφορικός,2,0.01,94.18
σύμμικτος,2,0.01,94.18
τεναγώδης,2,0.01,94.19
τριγωνοειδής,2,0.01,94.2
μεσήμβριος,2,0.01,94.2
βουνώδης,2,0.01,94.21
τραγῳδιογράφος,2,0.01,94.21
ἑξαπέλεκυς,2,0.01,94.22
ἀμφίστομος,2,0.01,94.23
ἐπιτευκτικός,2,0.01,94.23
εἰλικρινής,2,0.01,94.24
Κεραυνός,2,0.01,94.25
εὐθεώρητος,2,0.01,94.25
ἀπερίστατος,2,0.01,94.26
δυναμικός,2,0.01,94.27
προστατικός,2,0.01,94.27
ἐπίμονος,2,0.01,94.28
στρατεύσιμος,2,0.01,94.29
σπιθαμιαῖος,2,0.01,94.29
ἄστατος,2,0.01,94.3
πλεονεκτικός,2,0.01,94.3
συγχωρητέον,2,0.01,94.31
συννεφής,2,0.01,94.32
ἰσουψής,2,0.01,94.32
αὐτοφυής,2,0.01,94.33
ὑπόχρεος,2,0.01,94.34
νεωτερικός,2,0.01,94.34
ὀγδοαῖος,2,0.01,94.35
ἀπροφάσιστος,2,0.01,94.36
ἱππάσιμος,2,0.01,94.36
κατάμονος,2,0.01,94.37
προστηθίδιος,2,0.01,94.37
Ἀσιανός,2,0.01,94.38
ὁμοιότροπος,2,0.01,94.39
ἔκδημος,2,0.01,94.39
ἀκραιφνής,2,0.01,94.4
τριακονταετής,2,0.01,94.41
Ἀμπρακικός,2,0.01,94.41
σχολαῖος,2,0.01,94.42
εὔβουλος,2,0.01,94.43
Μαλόεις,2,0.01,94.43
φρυκτός,2,0.01,94.44
εὔπιστος,2,0.01,94.44
ἀγχέμαχος,2,0.01,94.45
μανός,2,0.01,94.46
ἔποχος,2,0.01,94.46
μεθόριος,2,0.01,94.47
ἀγωνίζω,2,0.01,94.48
ἑξακισμύριοι,2,0.01,94.48
οἶος,2,0.01,94.49
ἰσόμοιρος,2,0.01,94.5
ἐξαιρετέος,2,0.01,94.5
ναρθηκοφόρος,2,0.01,94.51
κρανέινος,2,0.01,94.52
παραμηρίδιος,2,0.01,94.52
κερδαλέος,2,0.01,94.53
πελτοφόρος,2,0.01,94.53
ἀδιήγητος,2,0.01,94.54
ξυστοφόρος,2,0.01,94.55
ἄποτος,2,0.01,94.55
πεμπτέος,2,0.01,94.56
ὑβριστικός,2,0.01,94.57
σιμός,2,0.01,94.57
ἄδειπνος,2,0.01,94.58
ἀγαστός,2,0.01,94.59
Κύρειος,2,0.01,94.59
ὑπέρπολυς,2,0.01,94.6
Κολλυτεύς,1,0.0,94.6
εὔσαρκος,1,0.0,94.6
προφερής,1,0.0,94.61
Πειραιεύς,1,0.0,94.61
Εὐωνυμεύς,1,0.0,94.61
Ἀχαρνεύς,1,0.0,94.62
διάσειστος,1,0.0,94.62
κυβευτικός,1,0.0,94.62
τρισκακοδαίμων,1,0.0,94.63
δούλειος,1,0.0,94.63
Στειριεύς,1,0.0,94.63
μισοπόνηρος,1,0.0,94.64
ἀμάρτυρος,1,0.0,94.64
ἔξωρος,1,0.0,94.64
σκυτοτομικός,1,0.0,94.65
ἀμόργινος,1,0.0,94.65
Μυρρινούσιος,1,0.0,94.65
Ἀχερδούσιος,1,0.0,94.66
Κυδαθηναιεύς,1,0.0,94.66
οὔτις,1,0.0,94.66
ἅλιος2,1,0.0,94.67
περικλυτός,1,0.0,94.67
μεγάθυμος,1,0.0,94.67
ὁμόταφος,1,0.0,94.67
ἐπιείκελος,1,0.0,94.68
εὐηγενής,1,0.0,94.68
εὔκομος,1,0.0,94.68
τυτθός,1,0.0,94.69
λυγρός,1,0.0,94.69
ὁμός,1,0.0,94.69
ποδαρκής,1,0.0,94.7
Περιθοίδης,1,0.0,94.7
Τιμάρχος,1,0.0,94.7
ὁμότροπος,1,0.0,94.71
ἄμουσος,1,0.0,94.71
ἡμιμανής,1,0.0,94.71
ἐξαγώνιος,1,0.0,94.72
εὔγνωστος,1,0.0,94.72
σύμπλους,1,0.0,94.72
ἀστέγαστος,1,0.0,94.73
φροῦδος,1,0.0,94.73
ἰδία,1,0.0,94.73
ἀκεστός,1,0.0,94.74
ἀγαθοποιός,1,0.0,94.74
δωρητικός,1,0.0,94.74
μετάρσιος,1,0.0,94.75
ὀξύπτερος,1,0.0,94.75
κατηφής,1,0.0,94.75
ὁμόροφος,1,0.0,94.75
ἐπίληπτος,1,0.0,94.76
κακότροπος,1,0.0,94.76
ἀγενής,1,0.0,94.76
κατάσκιος,1,0.0,94.77
εὐμετάβλητος,1,0.0,94.77
διαυγής,1,0.0,94.77
φιλέρημος,1,0.0,94.78
ῥᾳδιουργός,1,0.0,94.78
ἐμπρόσθιος,1,0.0,94.78
κολουρός,1,0.0,94.79
ὑπεξούσιος,1,0.0,94.79
ὀργίλος,1,0.0,94.79
κακότεχνος,1,0.0,94.8
ἀπαρεγχείρητος,1,0.0,94.8
φαλακρός,1,0.0,94.8
ἐπιβλαβής,1,0.0,94.81
ἄναγνος,1,0.0,94.81
παγχάλεπος,1,0.0,94.81
προστρόπαιος,1,0.0,94.82
περιεργαστέον,1,0.0,94.82
ἀνίατος,1,0.0,94.82
εἰκοσταῖος,1,0.0,94.82
δημόκοινος,1,0.0,94.83
ἀνήκουστος,1,0.0,94.83
Κερκυραῖος,1,0.0,94.83
σύμφυτος,1,0.0,94.84
περίστυλος,1,0.0,94.84
ἐγκάρσιος,1,0.0,94.84
λογικός,1,0.0,94.85
προτρεπτικός,1,0.0,94.85
μεγακήτης,1,0.0,94.85
ἠλίβατος,1,0.0,94.86
γραπτός,1,0.0,94.86
δαιδαλέοδμος,1,0.0,94.86
θυώδης,1,0.0,94.87
ξάνθη,1,0.0,94.87
φιλόμουσος,1,0.0,94.87
ἀκατάσκευος,1,0.0,94.88
ἀνεύρετος,1,0.0,94.88
ἀλαζών,1,0.0,94.88
φέριστος,1,0.0,94.89
λοιβαῖος,1,0.0,94.89
Ἱμεραῖος,1,0.0,94.89
ὁμοήθης,1,0.0,94.9
ἐξημοιβός,1,0.0,94.9
πολύπλοκος,1,0.0,94.9
ἄσπετος,1,0.0,94.9
πολύτιμος,1,0.0,94.91
διφροφόρος,1,0.0,94.91
παράκαιρος,1,0.0,94.91
πεντάκλινος,1,0.0,94.92
τρίκλινον,1,0.0,94.92
Κασανδδρεύς,1,0.0,94.92
κηπαῖος,1,0.0,94.93
Ἐπιζεφύριος,1,0.0,94.93
ἄφετος,1,0.0,94.93
κνηστός,1,0.0,94.94
δίπυρος,1,0.0,94.94
Κύθνιος,1,0.0,94.94
λιβανοφόρος,1,0.0,94.95
ἀθόρυβος,1,0.0,94.95
κροκωτός,1,0.0,94.95
ἀνύποιστος,1,0.0,94.96
πανευδαίμων,1,0.0,94.96
πρόσθιος,1,0.0,94.96
ἀργυρικός,1,0.0,94.97
περίθετος,1,0.0,94.97
ἄζωστος,1,0.0,94.97
ἐφίμερος,1,0.0,94.98
ἐρατός,1,0.0,94.98
Εὔξεινος,1,0.0,94.98
ἀπτολέμιστος,1,0.0,94.98
πισσηρός,1,0.0,94.99
ἀθαλλής,1,0.0,94.99
καλλιτράπεζος,1,0.0,94.99
νεανῖκος,1,0.0,95.0
ἐπίδημος,1,0.0,95.0
βαπτός,1,0.0,95.0
κρόκινος,1,0.0,95.01
ὑφαντός,1,0.0,95.01
Κορινθιουργής,1,0.0,95.01
ὑακίνθινος,1,0.0,95.02
θαλασσοειδής,1,0.0,95.02
ἀκταῖος,1,0.0,95.02
σπαθητός,1,0.0,95.03
Ἡραῖος,1,0.0,95.03
χιόνεος,1,0.0,95.03
δαιδάλεος,1,0.0,95.04
ὑπασπίδιος,1,0.0,95.04
παναλουργής,1,0.0,95.04
αὐχαλέος,1,0.0,95.05
ἀσκητός,1,0.0,95.05
τρυφεραμπέχονος,1,0.0,95.05
Συβαρίτης,1,0.0,95.05
πολύκροτος,1,0.0,95.06
ὁλός,1,0.0,95.06
κούριμος,1,0.0,95.06
Κυμαίκος,1,0.0,95.07
Χαλδαικός,1,0.0,95.07
ἔμμετρος,1,0.0,95.07
δεξία,1,0.0,95.08
Μαριανδυνός,1,0.0,95.08
μιτρηφόρος,1,0.0,95.08
Σιδώνιος,1,0.0,95.09
ᾠδικός,1,0.0,95.09
ὀρχηστρικός,1,0.0,95.09
σύσκιος,1,0.0,95.1
Μαγνητικός,1,0.0,95.1
περιφόρητος,1,0.0,95.1
νήπλυτος,1,0.0,95.11
ἐθελόπορνος,1,0.0,95.11
Δαρεικός,1,0.0,95.11
συμμαχίς,1,0.0,95.12
Ἀττική,1,0.0,95.12
εὔξενος,1,0.0,95.12
περισχιδής,1,0.0,95.13
μελαγχολικός,1,0.0,95.13
ἑκατοντάκλινος,1,0.0,95.13
χρυσόπους,1,0.0,95.13
χρυσουφής,1,0.0,95.14
εἰκοσάπηχυς,1,0.0,95.14
ζωωτός,1,0.0,95.14
σταδιαῖος,1,0.0,95.15
φιλοκύνηγος,1,0.0,95.15
σμαράγδινος,1,0.0,95.15
ἀλουργός,1,0.0,95.16
ὀχλικός,1,0.0,95.16
Μολοττικός,1,0.0,95.16
Λάκαινος,1,0.0,95.17
στενοπός,1,0.0,95.17
δημιουργός,1,0.0,95.17
τριακοντάκλινος,1,0.0,95.18
εὐγένητας,1,0.0,95.18
ζάθεος,1,0.0,95.18
νησιωτικός,1,0.0,95.19
γραφικός,1,0.0,95.19
ῥαβδοδίαιτος,1,0.0,95.19
ἀμώμητος,1,0.0,95.2
ἐννύχιος,1,0.0,95.2
Κυρηναικός,1,0.0,95.2
μονόχρονος,1,0.0,95.21
φαιός,1,0.0,95.21
εὔρυθμος,1,0.0,95.21
ἀζήτητος,1,0.0,95.21
ὀλιγωρητέον,1,0.0,95.22
οἰνοβαρής,1,0.0,95.22
φιλήδονος,1,0.0,95.22
φυσιόλογος,1,0.0,95.23
ὑπουργός,1,0.0,95.23
συμβολικός,1,0.0,95.23
ὄρθριος,1,0.0,95.24
εἰκοσίκλινος,1,0.0,95.24
εὐδαιμονικός,1,0.0,95.24
ῥαπτός,1,0.0,95.25
κρικωτός,1,0.0,95.25
ὀλιγοδίαιτος,1,0.0,95.25
κνισός,1,0.0,95.26
ὕπτιος,1,0.0,95.26
εὐθάνατος,1,0.0,95.26
δυσπερίπλητος,1,0.0,95.27
ἀγριμαῖος,1,0.0,95.27
καθάρειος,1,0.0,95.27
ὁλάργυρος,1,0.0,95.28
ἀπολέμητος,1,0.0,95.28
κατάσαρκος,1,0.0,95.28
εἰκοστή,1,0.0,95.28
Ἀσιαγενής,1,0.0,95.29
κοινόσ,1,0.0,95.29
φιλύρινος,1,0.0,95.29
ἀκρότονος,1,0.0,95.3
προπομπός,1,0.0,95.3
μελάμπεπλος,1,0.0,95.3
ἴρινος,1,0.0,95.31
ῥόδινος,1,0.0,95.31
παρθενικός,1,0.0,95.31
κατάθρυπτος,1,0.0,95.32
Μεγαλλείος,1,0.0,95.32
χρυσοκόλλητος,1,0.0,95.32
φοινίκινος,1,0.0,95.33
σισύμβρινος,1,0.0,95.33
ἑρπύλλινος,1,0.0,95.33
Αἰγυπτιός,1,0.0,95.34
καλλιπυγοτέρα,1,0.0,95.34
κλινήρης,1,0.0,95.34
ἐνδόσιμος,1,0.0,95.35
μιλτώδης,1,0.0,95.35
πυρπνόος,1,0.0,95.35
τρίκρανος,1,0.0,95.36
ἐλάτινος,1,0.0,95.36
δίπους,1,0.0,95.36
ἄκων,1,0.0,95.36
τακερός,1,0.0,95.37
ὠνητέος,1,0.0,95.37
ἀπιτέος,1,0.0,95.37
πολυτίμητος,1,0.0,95.38
Κρισαικὸς,1,0.0,95.38
σκηνικός,1,0.0,95.38
Ἐλευθέριος,1,0.0,95.39
ὑπόπτερος,1,0.0,95.39
στρατευτικός,1,0.0,95.39
ἰταμός,1,0.0,95.4
φίλαυλος,1,0.0,95.4
ἀνήδυντος,1,0.0,95.4
βαθύκολπος,1,0.0,95.41
θηρατήριος,1,0.0,95.41
ἀναπεπταμένος,1,0.0,95.41
παρθένιος,1,0.0,95.42
Κυθήριος,1,0.0,95.42
καλλιπρόσωπος,1,0.0,95.42
χρυσεοβόστρυχος,1,0.0,95.43
χαριτόφωνος,1,0.0,95.43
γλαυκός,1,0.0,95.43
ἀγανοβλέφαρος,1,0.0,95.44
πλουσιακός,1,0.0,95.44
προσποιητός,1,0.0,95.44
ῥυπαρός,1,0.0,95.44
κακοπινής,1,0.0,95.45
ἐυκνήμις,1,0.0,95.45
Αἰθιοπικός,1,0.0,95.45
βολίτινος,1,0.0,95.46
Ἀρεοπαγιτικός,1,0.0,95.46
πορνογράφος,1,0.0,95.46
ἀγροῖκος,1,0.0,95.47
πανάθλιος,1,0.0,95.47
ἐνδυτός,1,0.0,95.47
πυρρός,1,0.0,95.48
ἄσβολος,1,0.0,95.48
ποικιλόδιφρος,1,0.0,95.48
φιλῳδός,1,0.0,95.49
ῥικνός,1,0.0,95.49
μεσόκοπος,1,0.0,95.49
πέπων,1,0.0,95.5
δρακόντειος,1,0.0,95.5
μεθυσοκότταβος,1,0.0,95.5
ἡμετέρειος,1,0.0,95.51
παρῳδός,1,0.0,95.51
ἔτυμος,1,0.0,95.51
ἴλαος,1,0.0,95.51
Σαμιακός,1,0.0,95.52
εὐθυμάχος,1,0.0,95.52
τοξοφόρος,1,0.0,95.52
τεός,1,0.0,95.53
ἑκατόγγυιος,1,0.0,95.53
πολύξενος,1,0.0,95.53
ἐρατεινός,1,0.0,95.54
μαλθακός,1,0.0,95.54
μελίφρων,1,0.0,95.54
συνάορος,1,0.0,95.55
ξυνός,1,0.0,95.55
Πάρος,1,0.0,95.55
νυμφίος2,1,0.0,95.56
Θρήισσος,1,0.0,95.56
Εὐεργέτης,1,0.0,95.56
ἐπιχώπιος,1,0.0,95.57
Νεαπόλιτος,1,0.0,95.57
θρᾷττα,1,0.0,95.57
σαπρός,1,0.0,95.58
Φρυγιακός,1,0.0,95.58
δασύπους,1,0.0,95.58
ἔναλμος,1,0.0,95.59
λαπαρός,1,0.0,95.59
καίριμος,1,0.0,95.59
ὁ,1,0.0,95.59
τρισάθλιος,1,0.0,95.6
ληίδιος,1,0.0,95.6
ληίδιον,1,0.0,95.6
χελιδόνειος,1,0.0,95.61
Ὑμήττιος,1,0.0,95.61
διάμεστος,1,0.0,95.61
ὕειος,1,0.0,95.62
αἴγειος,1,0.0,95.62
πάροινος,1,0.0,95.62
οὐλόμενος,1,0.0,95.63
ἔγχαλκος,1,0.0,95.63
ἀνάστειος,1,0.0,95.63
συσσιτικός,1,0.0,95.64
κατάστυγνος,1,0.0,95.64
Κρατήτειος,1,0.0,95.64
νεοσπάς,1,0.0,95.65
μέθυσος,1,0.0,95.65
ἡδονικός,1,0.0,95.65
φιλαλήθης,1,0.0,95.66
ἀμύητος,1,0.0,95.66
γραμμοδιδασκαλιδης,1,0.0,95.66
ἰτέος,1,0.0,95.67
Θεσσαλικός,1,0.0,95.67
πρωτοπόρος,1,0.0,95.67
ἀναμπέχονος,1,0.0,95.67
μονοχίτων,1,0.0,95.68
Λευκαδίος,1,0.0,95.68
ἠοῖος,1,0.0,95.68
ποτάμιος,1,0.0,95.69
ἐπιλογικός,1,0.0,95.69
ἐχέσαρκος,1,0.0,95.69
Ποσειδώνιος,1,0.0,95.7
Πεντελικός,1,0.0,95.7
Νικαιεύς,1,0.0,95.7
κουροτρόφος,1,0.0,95.71
πολιοκρόταφος,1,0.0,95.71
γραπτέος,1,0.0,95.71
εὐναῖος,1,0.0,95.72
χαριτοβλέφαρος,1,0.0,95.72
τρίδουλος,1,0.0,95.72
τρίπορνος,1,0.0,95.73
Πυθιονίκης,1,0.0,95.73
σύγχρους,1,0.0,95.73
ὀρθρινός,1,0.0,95.74
ἔκπνοος,1,0.0,95.74
Σαπφῷος,1,0.0,95.74
ἔφαλος,1,0.0,95.74
ἐπέραστος,1,0.0,95.75
ἐλεγειακός,1,0.0,95.75
μονόζωστος,1,0.0,95.75
τρίστοιχος,1,0.0,95.76
ἀγέραστος,1,0.0,95.76
κρύφιος,1,0.0,95.76
Ῥάριος,1,0.0,95.77
Ἀσκραῖος,1,0.0,95.77
Ἀσκραίκος,1,0.0,95.77
μουσοπόλος,1,0.0,95.78
πινυτός,1,0.0,95.78
εὐρέιος,1,0.0,95.78
πολιός,1,0.0,95.79
μελιχρός,1,0.0,95.79
οἰνηρός,1,0.0,95.79
εὔοινος,1,0.0,95.8
Αἰολικός,1,0.0,95.8
στυγνός,1,0.0,95.8
μήλειος,1,0.0,95.81
χάλκειος,1,0.0,95.81
θοός,1,0.0,95.81
βαιός,1,0.0,95.82
ἔξοχος,1,0.0,95.82
Ἀπιδανός,1,0.0,95.82
οὐδαμινός,1,0.0,95.82
ποικιλοσάμβαλος,1,0.0,95.83
ἐύκτιτος,1,0.0,95.83
χρυσόθρονος,1,0.0,95.83
ἀγαυός,1,0.0,95.84
Μεσσηνιακός,1,0.0,95.84
βρότειος,1,0.0,95.84
εὐνάων,1,0.0,95.85
Δημήτριος,1,0.0,95.85
Εὐριπίδειος,1,0.0,95.85
φιλοβάρβιτος,1,0.0,95.86
μάκαρ,1,0.0,95.86
παίδειος,1,0.0,95.86
πραγματείος,1,0.0,95.87
Κυδώνιος,1,0.0,95.87
οἰνάρεος,1,0.0,95.87
κατάκοιτος,1,0.0,95.88
Θρῄκιος,1,0.0,95.88
ἐρεμνός,1,0.0,95.88
ἀζαλέος,1,0.0,95.89
Τενέδιος,1,0.0,95.89
ἑλικογλέφαρος,1,0.0,95.89
νεόγυιος,1,0.0,95.9
ἐφημέριος,1,0.0,95.9
β᾽,1,0.0,95.9
Ἀκαδημαικός,1,0.0,95.9
γλυκερός,1,0.0,95.91
δυσχάριστος,1,0.0,95.91
πρεπώδης,1,0.0,95.91
Ἀργύννις,1,0.0,95.92
παιδιώδης,1,0.0,95.92
Ἐρυθραῖος,1,0.0,95.92
Σιμωνίδειος,1,0.0,95.93
ἄγχι,1,0.0,95.93
ῥεκτήριος,1,0.0,95.93
φιλογύναιος,1,0.0,95.94
Τριχονείος,1,0.0,95.94
ἐμμανής,1,0.0,95.94
Ἑλλαδικός,1,0.0,95.95
Ὠλένιος,1,0.0,95.95
τριακοσταῖος,1,0.0,95.95
συμποτικός,1,0.0,95.96
διαλεκτικός,1,0.0,95.96
Θεσσαλός,1,0.0,95.96
γαλακτουργός,1,0.0,95.97
ποτηματοποιός,1,0.0,95.97
εὐφραντικός,1,0.0,95.97
καλλίχειρ,1,0.0,95.97
μελανόφυλλος,1,0.0,95.98
ἡλιώδης,1,0.0,95.98
θαλερός,1,0.0,95.98
ἐπικατάφορος,1,0.0,95.99
ἤπιος,1,0.0,95.99
κηρόχρως,1,0.0,95.99
ξουθός,1,0.0,96.0
πολύμετρος,1,0.0,96.0
ἀπείρων2,1,0.0,96.0
ἄλογχος,1,0.0,96.01
εὐανθής,1,0.0,96.01
ὀξυφεγγής,1,0.0,96.01
ἀργεννός,1,0.0,96.02
ποικιλομήχανος,1,0.0,96.02
μισοφιλόλογος,1,0.0,96.02
κλεπτίστατος,1,0.0,96.03
κακολόγος,1,0.0,96.03
βορός,1,0.0,96.03
ἄνοικος,1,0.0,96.04
ἀφιλόσοφος,1,0.0,96.04
συκοφαντώδης,1,0.0,96.04
ὕφαιμος,1,0.0,96.05
πελιός,1,0.0,96.05
γραῦς,1,0.0,96.05
μόνον,1,0.0,96.05
ἐπόγδοος,1,0.0,96.06
ἐπίτοκος,1,0.0,96.06
ἐντελόμισθος,1,0.0,96.06
ἄγρυπνος,1,0.0,96.07
ἐπιθάνατος,1,0.0,96.07
ἑκταῖος,1,0.0,96.07
λιπόνεως,1,0.0,96.08
Λυκιοεργής,1,0.0,96.08
τραπεζιτικός,1,0.0,96.08
ἀθυμητέον,1,0.0,96.09
ἐνθυμητέον,1,0.0,96.09
δυσπολέμητος,1,0.0,96.09
πλευστέος,1,0.0,96.1
ἐπιστολιμαῖος,1,0.0,96.1
πήλινος,1,0.0,96.1
ἀδιόρθωτος,1,0.0,96.11
ἀπόμισθος,1,0.0,96.11
σπουδαστέος,1,0.0,96.11
ὀκτωκαιδεκάδραχμος,1,0.0,96.12
δωδεκάδραχμος,1,0.0,96.12
ἄτοκος,1,0.0,96.12
περίστοιχος,1,0.0,96.13
κακόνοος,1,0.0,96.13
Νεμέσιος,1,0.0,96.13
ὑποκίνδυνος,1,0.0,96.13
ἐπιτἰμιος,1,0.0,96.14
Φωκικός,1,0.0,96.14
κοιταῖος,1,0.0,96.14
ἐλλός,1,0.0,96.15
δεικτέος,1,0.0,96.15
Κόπριος,1,0.0,96.15
Κολλυτεὺς,1,0.0,96.16
εὔωνος,1,0.0,96.16
ἀλειτούργητος,1,0.0,96.16
ἑκκαιδεκάπηχυς,1,0.0,96.17
ἴσθμιος,1,0.0,96.17
Νέμειος,1,0.0,96.17
φιλόδωρος,1,0.0,96.18
παμπόνηρος,1,0.0,96.18
φιλολοίδορος,1,0.0,96.18
σπερμολόγος,1,0.0,96.19
Μαραθώνιος,1,0.0,96.19
Κιρραῖος,1,0.0,96.19
Φυλάσιος,1,0.0,96.2
συγκάταινος,1,0.0,96.2
περίχωρος,1,0.0,96.2
ἄπλοος,1,0.0,96.2
αὐτοτραγικός,1,0.0,96.21
ἀρουραῖος,1,0.0,96.21
παράσημος,1,0.0,96.21
ἐμβρόντητος,1,0.0,96.22
κατάδικος,1,0.0,96.22
νηλεής,1,0.0,96.22
θετός,1,0.0,96.23
ἀξιοθαύμαστος,1,0.0,96.23
ἄτρυτος,1,0.0,96.23
φερέπονος,1,0.0,96.24
εὐπόλεμος,1,0.0,96.24
ἐμπροίκιος,1,0.0,96.24
ἰσοπολίτης,1,0.0,96.25
ἐπιδόσιμος,1,0.0,96.25
κτηματικός,1,0.0,96.25
ἔναρχος,1,0.0,96.26
ἰσόνομος,1,0.0,96.26
ἐνεργής,1,0.0,96.26
δυσεπίγνωστος,1,0.0,96.27
ἀσπάσιος,1,0.0,96.27
ἔμμηνος,1,0.0,96.27
ὑπόγυιος,1,0.0,96.28
δικαστικός,1,0.0,96.28
μηλόβοτος,1,0.0,96.28
Ἀβεντῖνος,1,0.0,96.28
ἰσοβαρής,1,0.0,96.29
Γρακχείους,1,0.0,96.29
Γράκχειος,1,0.0,96.29
φειδός,1,0.0,96.3
πολυμερής,1,0.0,96.3
πομπαῖος,1,0.0,96.3
φιλοψευδής,1,0.0,96.31
ἐχθροποιός,1,0.0,96.31
Μιθριδάτειος,1,0.0,96.31
ἐπικερδής,1,0.0,96.32
ἀπροβούλευτος,1,0.0,96.32
ὀλιγάνθρωπος,1,0.0,96.32
ζοφώδης,1,0.0,96.33
παμμεγέθης,1,0.0,96.33
διαλλακτήριος,1,0.0,96.33
νεόχριστος,1,0.0,96.34
Κιμβρικóς,1,0.0,96.34
ῥαβδόφορος,1,0.0,96.34
ἀδιοίκητος,1,0.0,96.35
Ἰταλός,1,0.0,96.35
αὐτόκλητος,1,0.0,96.35
βαρυεργής,1,0.0,96.36
πυροφόρος,1,0.0,96.36
ἰσόμαχος,1,0.0,96.36
Καπυαῖος,1,0.0,96.36
νιφόεις,1,0.0,96.37
περιμήκετος,1,0.0,96.37
ἀμφιλαφής,1,0.0,96.37
πενθήμερος,1,0.0,96.38
ἐβδομήκοντα,1,0.0,96.38
χρυσήλατος,1,0.0,96.38
βλάσφημος,1,0.0,96.39
ὀκτάετες,1,0.0,96.39
περιώνυμος,1,0.0,96.39
Ἄλπειος,1,0.0,96.4
Ἄλπεια,1,0.0,96.4
ἀγέρωχος,1,0.0,96.4
ἐμπειροπόλεμος,1,0.0,96.41
ἄνετος,1,0.0,96.41
ἀμφήριστος,1,0.0,96.41
θεόληπτος,1,0.0,96.42
ἀσύνθετος,1,0.0,96.42
Δελφικός,1,0.0,96.42
ἀροτήρ,1,0.0,96.43
ὁμοσίπυος,1,0.0,96.43
τεκνοποιητικός,1,0.0,96.43
χωριστός,1,0.0,96.43
παθητικός,1,0.0,96.44
δυσγενής,1,0.0,96.44
ὀψοποιικός,1,0.0,96.44
χρηστικός,1,0.0,96.45
σποραδικός,1,0.0,96.45
αὐτόφυτος,1,0.0,96.45
ἁλιευτικός,1,0.0,96.46
οἰητέον,1,0.0,96.46
εὐβάστακτος,1,0.0,96.46
εὐμεταχείριστος,1,0.0,96.47
ἄτεχνος,1,0.0,96.47
μεταλλευτικός,1,0.0,96.47
Λήμνιος,1,0.0,96.48
σιδήρειος,1,0.0,96.48
ὀργανικός,1,0.0,96.48
διακονικός,1,0.0,96.49
ἐπισκεπτέος,1,0.0,96.49
διανοητικός,1,0.0,96.49
νουθετητέος,1,0.0,96.5
ὁμονοητικός,1,0.0,96.5
ὁπόστος,1,0.0,96.5
ὑδαρής,1,0.0,96.51
ἀνθρωπικός,1,0.0,96.51
φίλαυτος,1,0.0,96.51
ἀστυνομικός,1,0.0,96.51
ἀγορανομικός,1,0.0,96.52
ποιός,1,0.0,96.52
καινοτόμος,1,0.0,96.52
ζητητικός,1,0.0,96.53
προαιρετικός,1,0.0,96.53
βοηθητικός,1,0.0,96.53
σύννους,1,0.0,96.54
ὀρφανικός,1,0.0,96.54
κατοκώχιμος,1,0.0,96.54
ἄφρουρος,1,0.0,96.55
ἰσοτύραννος,1,0.0,96.55
δυναστευτικός,1,0.0,96.55
θητικός,1,0.0,96.56
ἐπιζεφύριος,1,0.0,96.56
θετικός,1,0.0,96.56
ἀμφιδέξιος,1,0.0,96.57
Ῥήγιον,1,0.0,96.57
κλίνειος,1,0.0,96.57
λογίζομαι,1,0.0,96.58
ἀφαιρετέος,1,0.0,96.58
πεντετάλαντος,1,0.0,96.58
τιμητός,1,0.0,96.59
δύσμαχος,1,0.0,96.59
βοηθητέος,1,0.0,96.59
ἐρεβώδης,1,0.0,96.59
ἀδαμάντινος,1,0.0,96.6
αἰδοῖος,1,0.0,96.6
γαμητέον,1,0.0,96.6
φευκτέος,1,0.0,96.61
ὑποιστέον,1,0.0,96.61
ἀτιμαστέος,1,0.0,96.61
αἱματόεις,1,0.0,96.62
ἀπέρατος,1,0.0,96.62
ἀτόξευτος,1,0.0,96.62
Χαιρωνίκος,1,0.0,96.63
γλύκειος,1,0.0,96.63
ἄθεσμος,1,0.0,96.63
ὑπόφορος,1,0.0,96.64
ἀσυμπαθής,1,0.0,96.64
ἀδιάφορος,1,0.0,96.64
ἄσοφος,1,0.0,96.65
αὐτόχροος,1,0.0,96.65
πτερωτός,1,0.0,96.65
δυσκάθεκτος,1,0.0,96.66
δύσθυμος,1,0.0,96.66
ἀνήλιος,1,0.0,96.66
ποδώκης,1,0.0,96.66
Ἴνδιος,1,0.0,96.67
χαριστικός,1,0.0,96.67
ἀπαραμύθητος,1,0.0,96.67
Βάκχειος,1,0.0,96.68
ἐμπαθής,1,0.0,96.68
ἀντίτεχνος,1,0.0,96.68
νεοπρεπής,1,0.0,96.69
προγονικός,1,0.0,96.69
εὐάλωτος,1,0.0,96.69
Κύπριος,1,0.0,96.7
Σκαρφεύς,1,0.0,96.7
αἰτητικός,1,0.0,96.7
ἀνδροποιός,1,0.0,96.71
ἁρμάτειος,1,0.0,96.71
ἀρρενωπός,1,0.0,96.71
λεοντώδης,1,0.0,96.72
μεγαλοεργός,1,0.0,96.72
μορφοειδής,1,0.0,96.72
Βιθυνός,1,0.0,96.73
ἀνύβριστος,1,0.0,96.73
Πελληναῖος,1,0.0,96.73
Πελλαῖος,1,0.0,96.74
ὀρθοπαγής,1,0.0,96.74
ἀφρούρητος,1,0.0,96.74
δυσεκβίαστος,1,0.0,96.74
πελώριος,1,0.0,96.75
πολύπονος,1,0.0,96.75
τλήμων,1,0.0,96.75
Χαλυβώνιος,1,0.0,96.76
Ὑρκανικός,1,0.0,96.76
ἄρειος,1,0.0,96.76
ἴκελος,1,0.0,96.77
τερπικέραυνος,1,0.0,96.77
εὔγηρως,1,0.0,96.77
φλογοειδής,1,0.0,96.78
φιλοβάρβαρος,1,0.0,96.78
μισαλέξανδρος,1,0.0,96.78
ναρκώδης,1,0.0,96.79
πειστέον,1,0.0,96.79
ἰτέον,1,0.0,96.79
ἀνέλεγκτος,1,0.0,96.8
δικανικός,1,0.0,96.8
εὐέλεγκτος,1,0.0,96.8
ἀδιάφθαρτος,1,0.0,96.81
ἐλεεινός,1,0.0,96.81
ἀβέβαιος,1,0.0,96.81
ἁπτός,1,0.0,96.82
ἐμβριθής,1,0.0,96.82
ἀδρός,1,0.0,96.82
ἄπταιστος,1,0.0,96.82
ἀρείφατος,1,0.0,96.83
ἡμίκλαστος,1,0.0,96.83
περισφαλής,1,0.0,96.83
ἀιδής,1,0.0,96.84
κεστός,1,0.0,96.84
ἀριστευτικός,1,0.0,96.84
νικητικός,1,0.0,96.85
ὀλιγοστός,1,0.0,96.85
καπράτινος,1,0.0,96.85
ἐλεήμων,1,0.0,96.86
χλοερός,1,0.0,96.86
κοπώδης,1,0.0,96.86
ἄσχολος,1,0.0,96.87
βοτηρικός,1,0.0,96.87
Ἀλβανός,1,0.0,96.87
Λατῖνος,1,0.0,96.88
νεοσταθής,1,0.0,96.88
κάτοχος,1,0.0,96.88
ἀρειμάνιος,1,0.0,96.89
πολεμοποιός,1,0.0,96.89
δίπυλος,1,0.0,96.89
τιθηνός,1,0.0,96.89
μειλίχιος,1,0.0,96.9
ἐπιταλάριος,1,0.0,96.9
φρενήρης,1,0.0,96.9
ἀπρόθυμος,1,0.0,96.91
δορίμαχος,1,0.0,96.91
ῥόθιος,1,0.0,96.91
ἐνάλιος,1,0.0,96.92
Μαρσικός,1,0.0,96.92
εὐθορύβητος,1,0.0,96.92
ψοφοδεής,1,0.0,96.93
λιμώδης,1,0.0,96.93
διάτορος,1,0.0,96.93
ἐπιμαθής,1,0.0,96.94
Μολοσσός,1,0.0,96.94
ἀδούλωτος,1,0.0,96.94
εὐγένειος,1,0.0,96.95
ἐπίγρυπος,1,0.0,96.95
εὐδιάβολος,1,0.0,96.95
συνέστιος,1,0.0,96.96
ἑός,1,0.0,96.96
πάμπολυς,1,0.0,96.96
δυσμαθής,1,0.0,96.97
σκαληνός,1,0.0,96.97
ἰσοσκελής,1,0.0,96.97
ἀφετέος,1,0.0,96.97
πλημμελής,1,0.0,96.98
τρίτατος,1,0.0,96.98
ἐρίβωλος,1,0.0,96.98
ἐπιούσης,1,0.0,96.99
γυμναστέος,1,0.0,96.99
ἐδεστέον,1,0.0,96.99
ποτέος,1,0.0,97.0
φροντιστέον,1,0.0,97.0
οὗτός,1,0.0,97.0
γέρων,1,0.0,97.01
ἐξαπατητέον,1,0.0,97.01
ὑπεικτέον,1,0.0,97.01
ἀναχωρητέον,1,0.0,97.02
λειπτέον,1,0.0,97.02
ἄσχημος,1,0.0,97.02
ἄξυλος,1,0.0,97.03
σύμμεικτος,1,0.0,97.03
ἀρχαιόπλουτος,1,0.0,97.03
ἀνεπίδικος,1,0.0,97.04
εἰσαγώγιμος,1,0.0,97.04
Εὐρωπαῖος,1,0.0,97.04
Μακεδ́νιος,1,0.0,97.05
Ἀδριανός,1,0.0,97.05
ἀνέμβατος,1,0.0,97.05
ἀοίδιμος,1,0.0,97.05
Καρδιανός,1,0.0,97.06
Σικελιώτης,1,0.0,97.06
Ἠπειρώτης,1,0.0,97.06
αἰώνιος,1,0.0,97.07
φιλοθέωρος,1,0.0,97.07
χρονικός,1,0.0,97.07
θεωρητικός,1,0.0,97.08
ἀόχλητος,1,0.0,97.08
Σικελός,1,0.0,97.08
πρωτόγονος,1,0.0,97.09
Ἰαπύγιος,1,0.0,97.09
Αὐσόνιος,1,0.0,97.09
ἑῷος,1,0.0,97.1
Ῥεάτινος,1,0.0,97.1
Κεραύνια,1,0.0,97.1
ἀρχαιοπρεπής,1,0.0,97.11
ἐξάγιστος,1,0.0,97.11
ἄβυσσος,1,0.0,97.11
ποδιαῖος,1,0.0,97.12
ἀίδρυτος,1,0.0,97.12
ἔτειος,1,0.0,97.12
δύσποτμος,1,0.0,97.12
πολύπλανος,1,0.0,97.13
ἑλώδης,1,0.0,97.13
φωνήεις,1,0.0,97.13
κανηφόρος,1,0.0,97.14
φιλοπόλεμος,1,0.0,97.14
νάτωρ,1,0.0,97.14
ἐντείχιος,1,0.0,97.15
ἀλεξητήριος,1,0.0,97.15
Πελαργικός,1,0.0,97.15
Φρυγικός,1,0.0,97.16
θεοφόρητος,1,0.0,97.16
θεσπιῳδός,1,0.0,97.16
κατάσχετος,1,0.0,97.17
ἄμνηστος,1,0.0,97.17
Λυκαῖος,1,0.0,97.17
δυσείκαστος,1,0.0,97.18
κατηρεφής,1,0.0,97.18
ἐμβύθιος,1,0.0,97.18
ἐπίσκιος,1,0.0,97.19
Φεβρουάριος,1,0.0,97.19
νηφάλιος,1,0.0,97.19
ἵππιος,1,0.0,97.2
τριστάδιος,1,0.0,97.2
καματηρός,1,0.0,97.2
Σιβύλλειος,1,0.0,97.2
πολυαρκής,1,0.0,97.21
πολυωφελής,1,0.0,97.21
ἄδενδρος,1,0.0,97.21
ὀλιγόκαρπος,1,0.0,97.22
πολύκαρπος,1,0.0,97.22
πολύδενδρος,1,0.0,97.22
πολύβοτος,1,0.0,97.23
σιτόφορος,1,0.0,97.23
τρίκαρπος,1,0.0,97.23
ἐλαιοφόρος,1,0.0,97.24
οἰνόφυτος,1,0.0,97.24
φιλάμπελος,1,0.0,97.24
αἰγινόμος,1,0.0,97.25
λειμώνιος,1,0.0,97.25
δροσερός,1,0.0,97.25
ἀγεώργητος,1,0.0,97.26
δυσπόριστος,1,0.0,97.26
εὐκατέργαστος,1,0.0,97.26
πολύγονος,1,0.0,97.27
εὔχρηστος,1,0.0,97.27
ἁρμόδιος,1,0.0,97.27
ἀνδρείκελος,1,0.0,97.28
Μάιος,1,0.0,97.28
εὑρέσιος,1,0.0,97.28
Τρίδυμος,1,0.0,97.28
ὄψιμος,1,0.0,97.29
βοάριος,1,0.0,97.29
κοινοπαθής,1,0.0,97.29
ἀσυνάλλακτος,1,0.0,97.3
μονόστολος,1,0.0,97.3
ἀτάρβητος,1,0.0,97.3
Πρίσκος,1,0.0,97.31
Κρουσαίος,1,0.0,97.31
ἰαμβεῖος,1,0.0,97.31
βύσσινος,1,0.0,97.32
ἄτιτος,1,0.0,97.32
δοιοί,1,0.0,97.32
Ἀμβρακικός,1,0.0,97.33
ἀρχαικός,1,0.0,97.33
Σαλεντῖνος,1,0.0,97.33
ἐπικουρικός,1,0.0,97.34
πύρινος,1,0.0,97.34
ὁμόσκηνος,1,0.0,97.34
χωρητέον,1,0.0,97.35
κατάθεος,1,0.0,97.35
ἀκατάγγελτος,1,0.0,97.35
διάβροχος,1,0.0,97.35
Κυλλήνις,1,0.0,97.36
Ἰδαῖος,1,0.0,97.36
ἀπόπλοος,1,0.0,97.36
ἀνέξοδος,1,0.0,97.37
ἀλληλοκτόνος,1,0.0,97.37
λόγγα,1,0.0,97.37
ἀρεστήριος,1,0.0,97.38
ἐπίτομος,1,0.0,97.38
ἄφθιτος,1,0.0,97.38
βέβηλος,1,0.0,97.39
προσήγορος,1,0.0,97.39
ὀκταέτης,1,0.0,97.39
πανοίκιος,1,0.0,97.4
τινί,1,0.0,97.4
σταθερός,1,0.0,97.4
Μεσσήνιος,1,0.0,97.41
Γεργίθιος,1,0.0,97.41
κατασκευαστός,1,0.0,97.41
ἄσβεστος,1,0.0,97.42
πρόπολος,1,0.0,97.42
ἐμβατός,1,0.0,97.42
ἀχανής,1,0.0,97.43
αὐτόροφος,1,0.0,97.43
βουκολικός,1,0.0,97.43
δέσμιος,1,0.0,97.43
αὔθαδες,1,0.0,97.44
ἀκατάπληκτος,1,0.0,97.44
κρυπτός,1,0.0,97.44
δραματικός,1,0.0,97.45
βουφορβός,1,0.0,97.45
ἐπαίτιος,1,0.0,97.45
ἀχθοφόρος,1,0.0,97.46
ὑπολιπής,1,0.0,97.46
οἴκτιστος,1,0.0,97.46
τετράποδος,1,0.0,97.47
Λύδιος,1,0.0,97.47
Γυγάδας,1,0.0,97.47
κολλητός,1,0.0,97.48
ἀθλοφόρος,1,0.0,97.48
ἔτερος,1,0.0,97.48
ζάπλουτος,1,0.0,97.49
ἀνόλβιος,1,0.0,97.49
ἄπηρος,1,0.0,97.49
κοῖος,1,0.0,97.5
ἀλλός,1,0.0,97.5
ἀπήμων,1,0.0,97.5
βιώσιμος,1,0.0,97.51
βαρυσύμφορος,1,0.0,97.51
κραταίρινος,1,0.0,97.51
ἄρνειος,1,0.0,97.51
θύσιμος,1,0.0,97.52
ἐπάργυρος,1,0.0,97.52
ἑξαπάλαιστος,1,0.0,97.52
τριπάλαιστος,1,0.0,97.53
πρόναος,1,0.0,97.53
τρίπηχυς,1,0.0,97.53
ἀτέλειος,1,0.0,97.54
ποδαβρός,1,0.0,97.54
πολυπλάνητος,1,0.0,97.54
Μακεδνός,1,0.0,97.55
πάραλος,1,0.0,97.55
κορυνηφόρος,1,0.0,97.55
θέσμιος,1,0.0,97.56
Νάξιος,1,0.0,97.56
ἀσπαστός,1,0.0,97.56
σεληναῖος,1,0.0,97.57
κακόνομος,1,0.0,97.57
ἀπρόσμικτος,1,0.0,97.57
βαλανηφάγος,1,0.0,97.58
ποσσίκροτος,1,0.0,97.58
λευρός,1,0.0,97.58
φυσίζους,1,0.0,97.58
χαλκήιος,1,0.0,97.59
ἑπτάπηχυς,1,0.0,97.59
πλαστός,1,0.0,97.59
ἀπωστός,1,0.0,97.6
Λυδικός,1,0.0,97.6
μηνοειδής,1,0.0,97.6
ἀλλόθροος,1,0.0,97.61
ἰσοπαλής,1,0.0,97.61
ἀείναος,1,0.0,97.61
ἔξοδος2,1,0.0,97.62
τριφάσιος,1,0.0,97.62
ἰθύς,1,0.0,97.62
σανδαράκινος,1,0.0,97.63
ἑτεροῖος,1,0.0,97.63
Καυκάσιος,1,0.0,97.63
ἡσύχιος,1,0.0,97.64
ἄπεδος,1,0.0,97.64
ἄελπτος,1,0.0,97.64
ἀνάρσιος,1,0.0,97.65
κακός·,1,0.0,97.65
ἄφθογγος,1,0.0,97.65
εὔτυκος,1,0.0,97.66
ἐπίπλεος,1,0.0,97.66
αὐτοχείριος,1,0.0,97.66
ἐνεός,1,0.0,97.66
ἀκανθώδης,1,0.0,97.67
χθιζός,1,0.0,97.67
θεοβλαβής,1,0.0,97.67
θυμαλγής,1,0.0,97.68
ἀνθρωποφυής,1,0.0,97.68
νόμαιος,1,0.0,97.68
κουρίδιος,1,0.0,97.69
εἰκοσαετής,1,0.0,97.69
μοιχίδιος,1,0.0,97.69
αὐχμώδης,1,0.0,97.7
Τριοπικός,1,0.0,97.7
Ὀρχομένιος,1,0.0,97.7
ἀποδάσμιος,1,0.0,97.71
Ἐπιδαύριος,1,0.0,97.71
Ἑλικών,1,0.0,97.71
Σπαρτιήτης,1,0.0,97.72
ἔλλεσχος,1,0.0,97.72
Ἄρης,1,0.0,97.72
πολιοῦχος,1,0.0,97.73
ὑπερήμισυς,1,0.0,97.73
ψευδόρκιος,1,0.0,97.73
ἑξήκόντα,1,0.0,97.74
τεσσεράκοντά,1,0.0,97.74
διάστροφος,1,0.0,97.74
τριξός,1,0.0,97.74
Κάριος,1,0.0,97.75
Καυνικός,1,0.0,97.75
Καλυνδικός,1,0.0,97.75
κεραμεικός,1,0.0,97.76
περίρροος,1,0.0,97.76
ἀντίξοος,1,0.0,97.76
μονόκωλος,1,0.0,97.77
ὀπτέον,1,0.0,97.77
τριώροφος,1,0.0,97.77
τετρώροφος,1,0.0,97.78
χαλκόπυλος,1,0.0,97.78
ἀναπαυστήριος,1,0.0,97.78
γαλαθηνός,1,0.0,97.79
ἡμιόνειος,1,0.0,97.79
τριτημόριος,1,0.0,97.79
̓Ινδικός,1,0.0,97.8
βαλανηφόρος,1,0.0,97.8
φοινικήιος,1,0.0,97.8
ποδηνεκής,1,0.0,97.81
ἐρίνεος,1,0.0,97.81
Βοιωτία,1,0.0,97.81
ἑξήκοντά,1,0.0,97.81
ἡμός,1,0.0,97.82
καλος,1,0.0,97.82
ἡμέρη,1,0.0,97.82
ἀμπέλινος,1,0.0,97.83
ἐγχειρίδιος,1,0.0,97.83
περσική,1,0.0,97.83
ἐπίκοινος,1,0.0,97.84
τριακόντορος,1,0.0,97.84
αἰνιγματώδης,1,0.0,97.84
Μηλιακός,1,0.0,97.85
νεοχμός,1,0.0,97.85
σκεπαστήριος,1,0.0,97.85
παράκρημνος,1,0.0,97.86
εὐκταῖος,1,0.0,97.86
ἀλέξανδρος,1,0.0,97.86
πτολίπορθος,1,0.0,97.87
χαλκοστέφανος,1,0.0,97.87
δυσβοήθητος,1,0.0,97.87
ἄθετος,1,0.0,97.88
ἑτερογενής,1,0.0,97.88
πεντηκοντάλιτρος,1,0.0,97.88
ὁμόφωνος,1,0.0,97.89
διετής,1,0.0,97.89
ἐντάφιος,1,0.0,97.89
Φαληρικός,1,0.0,97.89
ἀκατηγόρητος,1,0.0,97.9
Νισαῖος,1,0.0,97.9
εὔιχθυς,1,0.0,97.9
ἀνεπισήμαντος,1,0.0,97.91
ἐπιχθόνιος,1,0.0,97.91
ἀκατάπαυστος,1,0.0,97.91
ἀπόδημος,1,0.0,97.92
ἀλλοεθνής,1,0.0,97.92
κολοσσιαῖος,1,0.0,97.92
ἀπαλλότριος,1,0.0,97.93
τετραμηνιαῖος,1,0.0,97.93
ἐνάμιλλος,1,0.0,97.93
πέταλος,1,0.0,97.94
κατάκορος,1,0.0,97.94
εἰκαῖος,1,0.0,97.94
ἀσύμφωνος,1,0.0,97.95
διεξοδικός,1,0.0,97.95
ἀπερίτμητος,1,0.0,97.95
ἀλαμπής,1,0.0,97.96
Ἐσσαῖος,1,0.0,97.96
κατάκριτος,1,0.0,97.96
τεταρταῖος,1,0.0,97.97
Ἰδουμαῖος,1,0.0,97.97
αὐτόγραφος,1,0.0,97.97
πῖος,1,0.0,97.97
δυσμεταχείριστος,1,0.0,97.98
προσάρκτιος,1,0.0,97.98
ὁλόχρυσος,1,0.0,97.98
Γαδαρεύς,1,0.0,97.99
Ἀράβιος,1,0.0,97.99
κηδεμονικός,1,0.0,97.99
διάσημος,1,0.0,98.0
ἀβάσκανος,1,0.0,98.0
ἀδιάλειπτος,1,0.0,98.0
πάνουργος,1,0.0,98.01
ἐννακισχίλιοι,1,0.0,98.01
Ἀραβικός,1,0.0,98.01
ὁλόκληρος,1,0.0,98.02
δηλητήριος,1,0.0,98.02
πολυπλασίων,1,0.0,98.02
προσιτός,1,0.0,98.03
δυσερεύνητος,1,0.0,98.03
νεοσύλλεκτος,1,0.0,98.03
παντελής,1,0.0,98.04
ἀνυτικός,1,0.0,98.04
θειώδης,1,0.0,98.04
Ἀντιγόνειος,1,0.0,98.04
πετρώδης,1,0.0,98.05
ἔκλυτος,1,0.0,98.05
αὖος,1,0.0,98.05
ποδαπὸς,1,0.0,98.06
ἄκτιας,1,0.0,98.06
Ἀγρίππειος,1,0.0,98.06
ὑπόρειος,1,0.0,98.07
ἀμέτρητος,1,0.0,98.07
μεγαλόνους,1,0.0,98.07
αἴθριος,1,0.0,98.08
ναστός,1,0.0,98.08
πενταετηρικός,1,0.0,98.08
μαστοειδής,1,0.0,98.09
ἐπετήσιος,1,0.0,98.09
ξεστός,1,0.0,98.09
ἰσομήκης,1,0.0,98.1
συοτρόφος,1,0.0,98.1
ἰθυβόλος,1,0.0,98.1
ἑπτακαιδεκαετής,1,0.0,98.11
συμμέτοχος,1,0.0,98.11
ἀκαταιτίατος,1,0.0,98.11
ἀπηνής,1,0.0,98.12
πατροκτόνος,1,0.0,98.12
ὀξύρροπος,1,0.0,98.12
Αἰξωνεύς,1,0.0,98.12
ὀλίγωρος,1,0.0,98.13
πρόκριτος,1,0.0,98.13
ὑπερεξακισχίλιοι,1,0.0,98.13
ἀπόθετος,1,0.0,98.14
κυζικηνός,1,0.0,98.14
ἀμφίθυρος,1,0.0,98.14
πρόβουλος,1,0.0,98.15
δήμιος,1,0.0,98.15
Καλυδώνιος,1,0.0,98.15
Ἁλιμούσιος,1,0.0,98.16
ὕποχος,1,0.0,98.16
ἑρκεῖος,1,0.0,98.16
ἄνηβος,1,0.0,98.17
φειδωλός,1,0.0,98.17
εὐφίλητος,1,0.0,98.17
μέταυλος,1,0.0,98.18
λάλος,1,0.0,98.18
φιλόπρωτος,1,0.0,98.18
ἄσωστος,1,0.0,98.19
δυσχείρωτος,1,0.0,98.19
μετοικικός,1,0.0,98.19
ἄθικτος,1,0.0,98.2
διάπλεως,1,0.0,98.2
φίλανδρος,1,0.0,98.2
ἀπάνθρωπος,1,0.0,98.2
φιλήκους,1,0.0,98.21
ἐντευκτικός,1,0.0,98.21
ἄτρεπτος,1,0.0,98.21
Νικίειος,1,0.0,98.22
συμβιβαστικός,1,0.0,98.22
Μήλιος,1,0.0,98.22
μισάνθρωπος,1,0.0,98.23
μυστικός,1,0.0,98.23
ἀνεπιτήδευτος,1,0.0,98.23
μεθυστικός,1,0.0,98.24
ἱππαστικός,1,0.0,98.24
ὀπηδός,1,0.0,98.24
φιλοπόνηρος,1,0.0,98.25
ἄτεγκτος,1,0.0,98.25
κατάπονος,1,0.0,98.25
περίπολος,1,0.0,98.26
στατός,1,0.0,98.26
βωμολόχος,1,0.0,98.26
μαγειρικός,1,0.0,98.27
λυρικός,1,0.0,98.27
ἀνακλητικός,1,0.0,98.27
καταστατικός,1,0.0,98.27
παιδευτικός,1,0.0,98.28
Συλλανίος,1,0.0,98.28
Συλλανία,1,0.0,98.28
φλυαρώδης,1,0.0,98.29
χαῦνος,1,0.0,98.29
πρεσβυγενής,1,0.0,98.29
θεοτίμητος,1,0.0,98.3
εὐθύς,1,0.0,98.3
ἀκτήμων,1,0.0,98.3
ἰσόκληρος,1,0.0,98.31
ἀδρανής,1,0.0,98.31
ῥωπικός,1,0.0,98.31
ἀγυρτικός,1,0.0,98.32
ἀδηφάγος,1,0.0,98.32
καθημερινός,1,0.0,98.32
ἄπλουτος,1,0.0,98.33
ἄκαμπτος,1,0.0,98.33
παιδευτός,1,0.0,98.33
χρηματικός,1,0.0,98.34
μονός,1,0.0,98.34
ἀπειρόκαλος,1,0.0,98.34
φατνωματικός,1,0.0,98.35
παρορμητικός,1,0.0,98.35
γεωμετρικός,1,0.0,98.35
ἄωρος1,1,0.0,98.35
πέπειρος,1,0.0,98.36
διακορής,1,0.0,98.36
εὔτεκνος,1,0.0,98.36
καλλίκαρπος,1,0.0,98.37
ὅμαιμος,1,0.0,98.37
εὐπαγής,1,0.0,98.37
ἐπιληπτικός,1,0.0,98.38
ἄσικχος,1,0.0,98.38
μίσθιος,1,0.0,98.38
δωδεκαετής,1,0.0,98.39
αὐχμηρός,1,0.0,98.39
θερμαντικός,1,0.0,98.39
ὀγκώδης,1,0.0,98.4
πολύτροφος,1,0.0,98.4
ἄγονος,1,0.0,98.4
βραχυλόγος,1,0.0,98.41
Ἑκαταῖος,1,0.0,98.41
ἐγερτικός,1,0.0,98.41
ἐνθουσιώδης,1,0.0,98.42
ἄθρυπτος,1,0.0,98.42
ἠθοποιός,1,0.0,98.42
λίγειος,1,0.0,98.43
εὐρυάγυια,1,0.0,98.43
Καστόρειος,1,0.0,98.43
εὐσταθής,1,0.0,98.43
ἐνήλικος,1,0.0,98.44
κάρρων,1,0.0,98.44
κατάκλειστος,1,0.0,98.44
νοσερός,1,0.0,98.45
ἀσύνδηλος,1,0.0,98.45
εὐαγής,1,0.0,98.45
δεσπόσυνος,1,0.0,98.46
ἀνυστός,1,0.0,98.46
ἀπολίτευτος,1,0.0,98.46
δεκᾰτέσσᾰρες,1,0.0,98.47
πειθαρχικός,1,0.0,98.47
πειθὴνιος,1,0.0,98.47
ἀνύπαρκτος,1,0.0,98.48
μονογενής,1,0.0,98.48
ἄτεκνος,1,0.0,98.48
ἀγλευκής,1,0.0,98.49
ἀλληλοφόνοι,1,0.0,98.49
μιαιφόνος,1,0.0,98.49
ἀναγκαστέος,1,0.0,98.5
κολαστέος,1,0.0,98.5
κωλυτέον,1,0.0,98.5
ἐπιτρεπτέον,1,0.0,98.5
προστακτέον,1,0.0,98.51
ποιέω,1,0.0,98.51
χορηγικός,1,0.0,98.51
κρυφαῖος,1,0.0,98.52
ἀγχιτέρμων,1,0.0,98.52
ἔκπαγλος,1,0.0,98.52
πρόμαχος,1,0.0,98.53
ἀξιομνημόνευτος,1,0.0,98.53
σιωπηλός,1,0.0,98.53
γοργός,1,0.0,98.54
ἀνάριστος,1,0.0,98.54
περίμεστος,1,0.0,98.54
δολιχοδρόμος,1,0.0,98.55
ἑπτάκλινος,1,0.0,98.55
ἰσοφόρος,1,0.0,98.55
φιλόφρων,1,0.0,98.56
Γοργίειος,1,0.0,98.56
βαναυσικός,1,0.0,98.56
ἀναμφίλογος,1,0.0,98.57
ἀκούω,1,0.0,98.57
εὐχάριτος,1,0.0,98.57
δημηγορικός,1,0.0,98.58
εὔξεστος,1,0.0,98.58
ἀτιμάζω,1,0.0,98.58
θαλλοφόρος,1,0.0,98.58
πλαστικός,1,0.0,98.59
ζωγραφικός,1,0.0,98.59
ἀφεκτέον,1,0.0,98.59
ἔγγειος,1,0.0,98.6
ἀξιάκουστος,1,0.0,98.6
ἄπυρος,1,0.0,98.6
νευρόσπαστος,1,0.0,98.61
Φλιάσιος,1,0.0,98.61
ἐλλόγιμος,1,0.0,98.61
σωματοειδής,1,0.0,98.62
ἑκατὸν,1,0.0,98.62
ἐγκρατης,1,0.0,98.62
ἐξόφθαλμος,1,0.0,98.63
δυσαπολόγητος,1,0.0,98.63
σαρδόνιος,1,0.0,98.63
φιλόφιλος,1,0.0,98.64
ὀκνητέον,1,0.0,98.64
ἐφαρμοστέον,1,0.0,98.64
εὐλαβής,1,0.0,98.65
ἀπείρων1,1,0.0,98.65
κατάφρακτης,1,0.0,98.65
παραμήκης,1,0.0,98.66
ἐπιμήκης,1,0.0,98.66
σιτοποιικός,1,0.0,98.66
Μινώιος,1,0.0,98.66
ἑξήρης,1,0.0,98.67
δυσδιάλυτος,1,0.0,98.67
ἀδιάσπαστος,1,0.0,98.67
αἱρετέος,1,0.0,98.68
θηρευτέον,1,0.0,98.68
δεκατέτταρας,1,0.0,98.68
ἐπανοιστέον,1,0.0,98.69
δυσπροσόρμιστος,1,0.0,98.69
τρίμηνος,1,0.0,98.69
Λιλύβαιον,1,0.0,98.7
Σελινούντιος,1,0.0,98.7
δυσδιάβατος,1,0.0,98.7
συμβελής,1,0.0,98.71
πέρατος,1,0.0,98.71
ὑπερχαρής,1,0.0,98.71
μονομαχικός,1,0.0,98.72
προβραχής,1,0.0,98.72
παραπομπός,1,0.0,98.72
δείνος,1,0.0,98.73
προσάντης,1,0.0,98.73
περίτομος,1,0.0,98.73
γεωργήσιμος,1,0.0,98.73
θανάσιμος,1,0.0,98.74
ἄπαυστος,1,0.0,98.74
πολιορκητικός,1,0.0,98.74
φορός,1,0.0,98.75
ἀπαραχώρητος,1,0.0,98.75
νεοσύλλογος,1,0.0,98.75
ἄγνωστος,1,0.0,98.76
κεφάλιος,1,0.0,98.76
αἰτίος,1,0.0,98.76
δυσκατάπληκτος,1,0.0,98.77
περιλιπής,1,0.0,98.77
ἄγωνος,1,0.0,98.77
δυσέκφευκτος,1,0.0,98.78
ἀπεχθής,1,0.0,98.78
γερούσιος,1,0.0,98.78
ἐξόριστος,1,0.0,98.79
πηρός,1,0.0,98.79
Σαρδῴος,1,0.0,98.79
ἰσόκριθος,1,0.0,98.8
ὑικός,1,0.0,98.8
Τρανσαλπῖνος,1,0.0,98.8
Τρανσαλπίνος,1,0.0,98.81
Ἀδριατικός,1,0.0,98.81
μελανείμων,1,0.0,98.81
φατέος,1,0.0,98.81
ἄθραυστος,1,0.0,98.82
ὀκτακισμύριοι,1,0.0,98.82
ἑπτακισμύριοι,1,0.0,98.82
εὐπετής,1,0.0,98.83
βατώδης,1,0.0,98.83
ἀμετάθετος,1,0.0,98.83
ἀνεννόητος,1,0.0,98.84
εὔφθαρτος,1,0.0,98.84
Κελτός,1,0.0,98.84
ἀποδεικτικός,1,0.0,98.85
Ὁμαρίος,1,0.0,98.85
εὐπαρακολούθητος,1,0.0,98.85
ἀνοιστέος,1,0.0,98.86
κοινωνικός,1,0.0,98.86
Δημητριακός,1,0.0,98.86
εὐλαβητέον,1,0.0,98.87
δυσφύλακτος,1,0.0,98.87
φιλελεύθερος,1,0.0,98.87
ὁμέστιος,1,0.0,98.88
περαίτερος,1,0.0,98.88
προσαπτέος,1,0.0,98.88
ὁπλομάχος,1,0.0,98.89
ἔξοπλος,1,0.0,98.89
ἀπερίσπαστος,1,0.0,98.89
Μεγαλοπολιτικός,1,0.0,98.89
δευτεραῖος,1,0.0,98.9
προσδεκτέος,1,0.0,98.9
ἀδοξοποίητος,1,0.0,98.9
διανεμητικός,1,0.0,98.91
δυσμενικός,1,0.0,98.91
δωροφάγος,1,0.0,98.91
ἀνοίκειος,1,0.0,98.92
χειροκρατικός,1,0.0,98.92
ἀπείρητος,1,0.0,98.92
Αἰγοσθενής,1,0.0,98.93
ἀψηφοφόρητος,1,0.0,98.93
αὐτοτελής,1,0.0,98.93
τετταρασκαίδεκα,1,0.0,98.94
πενιχρός,1,0.0,98.94
γροσφοφόρος,1,0.0,98.94
περιφερής,1,0.0,98.95
τρίπεδος,1,0.0,98.95
δακτυλιαῖος,1,0.0,98.95
κυρτός,1,0.0,98.96
σίδηρος,1,0.0,98.96
παλαιστιαῖος,1,0.0,98.96
ἀγκιστρωτός,1,0.0,98.96
πτέρινος,1,0.0,98.97
πηχυαῖος,1,0.0,98.97
ἁλυσιδωτός,1,0.0,98.97
κλαδαρός,1,0.0,98.98
ὀμφαλωτός,1,0.0,98.98
βόειος,1,0.0,98.98
δύσχρηστος,1,0.0,98.99
ἀτρεμής,1,0.0,98.99
τετράπλεθρος,1,0.0,98.99
στρατοπεδευτικός,1,0.0,99.0
ἀπόλεκτος,1,0.0,99.0
ἰσόπλευρος,1,0.0,99.0
παράμηκης,1,0.0,99.01
ἕκμηνος,1,0.0,99.01
δίμηνος,1,0.0,99.01
γροσφομάχος,1,0.0,99.02
ἀδιάπτωτος,1,0.0,99.02
φοινικιοῦς,1,0.0,99.02
ἀκατάλληλος,1,0.0,99.03
πρόσπαιος,1,0.0,99.03
διαληπτέον,1,0.0,99.03
ἐκφανής,1,0.0,99.04
ἀδέσποτος,1,0.0,99.04
ἐγγαιος,1,0.0,99.04
ἀθλητικός,1,0.0,99.04
φίλαρχος,1,0.0,99.05
ἔκδοτος,1,0.0,99.05
ἀποδεκτέος,1,0.0,99.05
ἐπιβατός,1,0.0,99.06
φιλόδοξος,1,0.0,99.06
φιλάγαθος,1,0.0,99.06
παραδόσιμος,1,0.0,99.07
φιλήκοος,1,0.0,99.07
γενεαλογικός,1,0.0,99.07
πολυπράγμων,1,0.0,99.08
ἀψυχαγώγητος,1,0.0,99.08
συμβατός,1,0.0,99.08
εὐκαταγώνιστος,1,0.0,99.09
τυχικός,1,0.0,99.09
κινδυνώδης,1,0.0,99.09
ὀλιγωρητέος,1,0.0,99.1
ἰστέον,1,0.0,99.1
ζῳδιακός,1,0.0,99.1
καπνώδης,1,0.0,99.11
ἀφροντιστητέον,1,0.0,99.11
βιωτικός,1,0.0,99.11
διπλός,1,0.0,99.12
πολυπραγμονητέον,1,0.0,99.12
τινῶν,1,0.0,99.12
δαψιλός,1,0.0,99.12
εὐσύντριπτος,1,0.0,99.13
ἀκροσφαλής,1,0.0,99.13
μαθηματικός,1,0.0,99.13
παλίντροπος,1,0.0,99.14
εὐτράπελος,1,0.0,99.14
δυσθεώρητος,1,0.0,99.14
ἀνάρπαστος,1,0.0,99.15
ἀκρότομος,1,0.0,99.15
περιρρώξ,1,0.0,99.15
συνώνυμος,1,0.0,99.16
εὔγεως,1,0.0,99.16
φύξιμος,1,0.0,99.16
πρεσβευτικός,1,0.0,99.17
ὕδριος,1,0.0,99.17
καταπελτικός,1,0.0,99.17
τριακονταμναῖος,1,0.0,99.18
λιθόβολος,1,0.0,99.18
Αἰτωλικός,1,0.0,99.18
εὐπαράδεκτος,1,0.0,99.19
μεγαλόδωρος,1,0.0,99.19
Λυσιτανός,1,0.0,99.19
δημιουργικός,1,0.0,99.19
βατός,1,0.0,99.2
ἑβδομαῖος,1,0.0,99.2
ἀκλυδώνιστος,1,0.0,99.2
μεσόκοιλος,1,0.0,99.21
σπιλώδης,1,0.0,99.21
σύρροος,1,0.0,99.21
ἀχαράκωτος,1,0.0,99.22
ἀνεμπόδιστος,1,0.0,99.22
κλιμακοφόρος,1,0.0,99.22
ἐργαστικός,1,0.0,99.23
ἀξιωματικός,1,0.0,99.23
ἐγκωμιαστικός,1,0.0,99.23
ὅτι2,1,0.0,99.24
χῆρος,1,0.0,99.24
ὕπανδρος,1,0.0,99.24
κέδρινος,1,0.0,99.25
κυπαρίσσινος,1,0.0,99.25
πηγαῖος,1,0.0,99.25
θυρεοφόρος,1,0.0,99.26
ῥαβδοφόρος,1,0.0,99.26
μειρακιώδης,1,0.0,99.26
ἀνεπίστατος,1,0.0,99.27
ἀνέργαστος,1,0.0,99.27
ἰσομεγέθης,1,0.0,99.27
τριδάκτυλος,1,0.0,99.27
εὔσημος,1,0.0,99.28
ἰσοταχής,1,0.0,99.28
ἀσυνήθης,1,0.0,99.28
προσακτέος,1,0.0,99.29
θηρατός,1,0.0,99.29
Ἄριος,1,0.0,99.29
Βακτριανός,1,0.0,99.3
ἀπόκλητος,1,0.0,99.3
ἑξαμηνος,1,0.0,99.3
Ἀντιοχιστός,1,0.0,99.31
πυρφόρος,1,0.0,99.31
τριακονθήμερος,1,0.0,99.31
μεγαλομερής,1,0.0,99.32
Φιλιππικός,1,0.0,99.32
ἀπροσδέητος,1,0.0,99.32
Κιλίκιος,1,0.0,99.33
ἀδελφικός,1,0.0,99.33
Ἴσιος,1,0.0,99.33
μολύβδεος,1,0.0,99.34
δρύινος,1,0.0,99.34
ἐκσπονδος,1,0.0,99.34
Ἀμφιλοχικός,1,0.0,99.35
ἑρμαῖος,1,0.0,99.35
μονήρης,1,0.0,99.35
πράξιμος,1,0.0,99.35
πεντηκοντακισμύριοι,1,0.0,99.36
ἀφορολόγητος,1,0.0,99.36
λεπτόγειος,1,0.0,99.36
ξυνήθης,1,0.0,99.37
ἰσοδίαιτος,1,0.0,99.37
πρόσκωπος,1,0.0,99.37
ἀτυράννευτος,1,0.0,99.38
Παναθηναικός,1,0.0,99.38
προσαγωγός,1,0.0,99.38
πυκνος,1,0.0,99.39
λοιμώδης,1,0.0,99.39
Ἰλλυρικός,1,0.0,99.39
ἀνακτόριος,1,0.0,99.4
εἰρηναῖος,1,0.0,99.4
ἀπερίοπτος,1,0.0,99.4
προσφερής,1,0.0,99.41
ἀρχαιότροπος,1,0.0,99.41
παριτητέα,1,0.0,99.41
περίλοιπος,1,0.0,99.42
ἄμεικτος,1,0.0,99.42
ἄτμητος,1,0.0,99.42
εὔδοξος,1,0.0,99.42
διαιρετός,1,0.0,99.43
παραδοτέος,1,0.0,99.43
διακριτέος,1,0.0,99.43
τιμωρητέος,1,0.0,99.44
ἀνθεκτέον,1,0.0,99.44
ἐγγώνιος,1,0.0,99.44
ἐκλιπής,1,0.0,99.45
Κρισαῖος,1,0.0,99.45
δύσοδος,1,0.0,99.45
Μενδήσιος,1,0.0,99.46
πεντέτης,1,0.0,99.46
Κερυκυραῖος,1,0.0,99.46
Ποτειδεατικός,1,0.0,99.47
καθαιρετέος,1,0.0,99.47
καθαιρετός,1,0.0,99.47
οἰστός,1,0.0,99.48
Διάσιος,1,0.0,99.48
Μειλίχιος,1,0.0,99.48
ἀνάγραπτος,1,0.0,99.49
αὐτήκοος,1,0.0,99.49
πολύοινος,1,0.0,99.49
συμβουλευτέος,1,0.0,99.5
μενετός,1,0.0,99.5
ἀσύνετος,1,0.0,99.5
ἡμιτέλεστος,1,0.0,99.5
Λάκων,1,0.0,99.51
καταληπτός,1,0.0,99.51
ἀσφάλειος,1,0.0,99.51
ἀργυρολόγος,1,0.0,99.52
ἰσοπλατής,1,0.0,99.52
νοτερός,1,0.0,99.52
εὐσταλής,1,0.0,99.53
ὑδατώδης,1,0.0,99.53
ὑπερβατός,1,0.0,99.53
ἀνεπιβούλευτος,1,0.0,99.54
θεατός,1,0.0,99.54
γυμνητικός,1,0.0,99.54
δαήμων,1,0.0,99.55
ἀνδρικός,1,0.0,99.55
ἀνεπίληπτος,1,0.0,99.55
φιλόστοργος,1,0.0,99.56
πρόσθετος,1,0.0,99.56
θήρειος,1,0.0,99.56
εὔληπτος,1,0.0,99.57
γενέθλιος,1,0.0,99.57
πολύλογος,1,0.0,99.57
νεαρός,1,0.0,99.58
σκυλακώδης,1,0.0,99.58
κολοβός,1,0.0,99.58
ψωραλέος,1,0.0,99.58
ἀθήρευτος,1,0.0,99.59
ἐργάσιμος,1,0.0,99.59
εὐήλατος,1,0.0,99.59
ἀσυγκόμιστος,1,0.0,99.6
ἀξιόνικος,1,0.0,99.6
ἀναγώνιστος,1,0.0,99.6
ἀκουστός,1,0.0,99.61
ἀνεπιστήμων,1,0.0,99.61
ἀγωνιστέον,1,0.0,99.61
πειστικός,1,0.0,99.62
ἀνωφέλητος,1,0.0,99.62
νοσηρός,1,0.0,99.62
δύσφορος,1,0.0,99.63
ἀνύσιμος,1,0.0,99.63
προορατός,1,0.0,99.63
κρυψίνους,1,0.0,99.64
δολερός,1,0.0,99.64
ὀψιμαθής,1,0.0,99.64
δυσόρατος,1,0.0,99.65
ἀδαής,1,0.0,99.65
λογχοφόρος,1,0.0,99.65
ἱππικόν,1,0.0,99.65
μεμπτός,1,0.0,99.66
εἶμι,1,0.0,99.66
ὁμολογητέον,1,0.0,99.66
ἐθελόπονος,1,0.0,99.67
ἀνεπίκλητος,1,0.0,99.67
ἀνίδρωτος,1,0.0,99.67
ἀτάρακτος,1,0.0,99.68
εὐθεράπευτος,1,0.0,99.68
παρεκτέον,1,0.0,99.68
πρανής,1,0.0,99.69
ὑπέρδασυς,1,0.0,99.69
ὑπέραισχρος,1,0.0,99.69
θηρατέος,1,0.0,99.7
ἀπαρασκεύαστος,1,0.0,99.7
μάσσων,1,0.0,99.7
παροξυντικός,1,0.0,99.71
προμετωπίδιος,1,0.0,99.71
χρυσοειδής,1,0.0,99.71
θωρακοφόρος,1,0.0,99.72
αἰτιατέον,1,0.0,99.72
μεγαλήγορος,1,0.0,99.72
σκοταῖος,1,0.0,99.73
πλεθριαῖος,1,0.0,99.73
Πέρσης,1,0.0,99.73
εὔφλεκτος,1,0.0,99.73
ἄκλειστος,1,0.0,99.74
θεραπευτέον,1,0.0,99.74
ἠρεμαῖος,1,0.0,99.74
ἀκοντιστικός,1,0.0,99.75
φιλόνικος,1,0.0,99.75
κακόβιος,1,0.0,99.75
εὐκάθεκτος,1,0.0,99.76
συνεκτέον,1,0.0,99.76
παρασκευάζω,1,0.0,99.76
μεταδοτέον,1,0.0,99.77
δασμοφόρος,1,0.0,99.77
καταστατέον,1,0.0,99.77
χρηστέον,1,0.0,99.78
ἀτημέλητος,1,0.0,99.78
ἔμμονος,1,0.0,99.78
εὔχροος,1,0.0,99.79
δυσκαταφρόνητος,1,0.0,99.79
ἐπίχαρις,1,0.0,99.79
καρύκινος,1,0.0,99.8
ἐφίππιος,1,0.0,99.8
χρυσόζυγος,1,0.0,99.8
ὁλοπόρφυρος,1,0.0,99.81
ῥαβδωτός,1,0.0,99.81
σόλοικος,1,0.0,99.81
ἀποχειροβίωτος,1,0.0,99.81
φιλέταιρος,1,0.0,99.82
εὐεπιβούλευτος,1,0.0,99.82
ἁλτικός,1,0.0,99.82
ἑξάδαρχος,1,0.0,99.83
σκευαγωγός,1,0.0,99.83
ἀμυντέον,1,0.0,99.83
ἔνοικος,1,0.0,99.84
δυσοίκητος,1,0.0,99.84
δυσκατάπρακτος,1,0.0,99.84
ἀλλοδαπός,1,0.0,99.85
ἀγήραος,1,0.0,99.85
θρυπτικός,1,0.0,99.85
λουτροχόος,1,0.0,99.86
σελινούσιος,1,0.0,99.86
Τραχίς,1,0.0,99.86
Κεραμικός,1,0.0,99.87
Θούριος,1,0.0,99.87
χρηστέος,1,0.0,99.87
Μεγαρεὺς,1,0.0,99.88
εὔδιος,1,0.0,99.88
καλαμηφόρος,1,0.0,99.88
δύσνους,1,0.0,99.88
Κεράμειος,1,0.0,99.89
μιξοβάρβαρος,1,0.0,99.89
δίκροτος,1,0.0,99.89
μονόκροτος,1,0.0,99.9
τριάκοντά,1,0.0,99.9
ἐχθίων,1,0.0,99.9
θανατηφόρος,1,0.0,99.91
εὐμετάβολος,1,0.0,99.91
μεταίτιος,1,0.0,99.91
μισόχρηστος,1,0.0,99.92
εὐεξάλειπτος,1,0.0,99.92
καταψηφιστέος,1,0.0,99.92
ἁμαξιτός,1,0.0,99.93
οἰσύινος,1,0.0,99.93
ἁμαξιαῖος,1,0.0,99.93
Πελοποννήσιος,1,0.0,99.94
εὐαποτείχιστος,1,0.0,99.94
μηχανητικός,1,0.0,99.94
ἐπιθαλαττίδιος,1,0.0,99.95
θεραπευτικός,1,0.0,99.95
μενετέον,1,0.0,99.95
ἠρινός,1,0.0,99.96
σπόριμος,1,0.0,99.96
ὑπόψαμμος,1,0.0,99.96
πότιμος,1,0.0,99.96
ἄθυτος,1,0.0,99.97
Τριφυλίς,1,0.0,99.97
ὑπομείων,1,0.0,99.97
ὀγκηρός,1,0.0,99.98
ἄφιππος,1,0.0,99.98
δύσιππος,1,0.0,99.98
ἄλοβος,1,0.0,99.99
κατασκευαστέος,1,0.0,99.99
ἐπιθαλασσίδιος,1,0.0,99.99
Ὀπούντιος,1,0.0,100.0
εὐκατάλυτος,1,0.0,100.0
