Word,Count,Percentage of total,Cumulative percentage of total
μέγας,114,6.13,6.13
δίδυμος,84,4.52,10.65
φίλος,62,3.33,13.98
λοιπός,59,3.17,17.15
σησάμινος,37,1.99,19.14
ἴδιος,35,1.88,21.02
ἥμισυς,33,1.77,22.8
δίκαιος,31,1.67,24.46
νέος,28,1.51,25.97
ὀρφανός,27,1.45,27.42
μικρός,27,1.45,28.87
ἐπίτροπος,26,1.4,30.27
κύριος,24,1.29,31.56
ἀναγκαῖος,22,1.18,32.74
καλός,22,1.18,33.92
βασιλικός,22,1.18,35.11
τίμιος,21,1.13,36.24
Ἰουδαῖος,20,1.08,37.31
θεῖος1,18,0.97,38.28
ἀντίγραφος,17,0.91,39.19
πρότερος,16,0.86,40.05
πλείων,16,0.86,40.91
μέλας,13,0.7,41.61
χρήσιμος,12,0.65,42.26
πλήρης,11,0.59,42.85
ἡμιόλιος,11,0.59,43.44
γεωργός,11,0.59,44.03
δημόσιος,11,0.59,44.62
ἱερός,10,0.54,45.16
χάλκεος,10,0.54,45.7
ἀριστερός,10,0.54,46.24
δυνατός,9,0.48,46.72
ψιλός,9,0.48,47.2
ταχύς,9,0.48,47.69
ἱκανός,9,0.48,48.17
καθαρός,8,0.43,48.6
γλυκύς,8,0.43,49.03
ἑτοῖμος,8,0.43,49.46
Αἰγύπτιος,7,0.38,49.84
ἐπίτιμος,7,0.38,50.22
ἐλεύθερος,7,0.38,50.59
ἅγιος,7,0.38,50.97
ἄξιος,7,0.38,51.34
ὅμοιος,7,0.38,51.72
ἐνοίκιος,7,0.38,52.1
ἀβάσκαντος,7,0.38,52.47
ἀγαθός,7,0.38,52.85
ἐπάναγκος,6,0.32,53.17
ἥσσων,6,0.32,53.49
πατρικός,6,0.32,53.82
θῆλυς,6,0.32,54.14
μέσος,6,0.32,54.46
κοινός,6,0.32,54.78
πρέσβυς,6,0.32,55.11
ἁπλόος,6,0.32,55.43
μακάριος,6,0.32,55.75
ἀμφότεροι,6,0.32,56.08
μετέωρος,6,0.32,56.4
ἴσος,6,0.32,56.72
γνήσιος,6,0.32,57.04
Ἠνγαδηνός,6,0.32,57.37
ἐπιτήδειος,5,0.27,57.63
βοηθός,5,0.27,57.9
λαμπρός,5,0.27,58.17
τέλειος,5,0.27,58.44
κεφάλαιος,5,0.27,58.71
ἐλαικός,5,0.27,58.98
καινός,5,0.27,59.25
μακροπρόσωπος,5,0.27,59.52
τρίμηνος,4,0.22,59.73
ἄκυρος,4,0.22,59.95
καθάρειος,4,0.22,60.16
πάτριος,4,0.22,60.38
δίδραχμος,4,0.22,60.59
προγονικός,4,0.22,60.81
πονηρός,4,0.22,61.02
διάφορος,4,0.22,61.24
Πτολεμαικός,4,0.22,61.45
μαχαιροφόρος,4,0.22,61.67
εὔσταθμος,4,0.22,61.88
ἐλάσσων,4,0.22,62.1
λευκός,4,0.22,62.31
σύμβιος,4,0.22,62.53
γερδιακός,4,0.22,62.74
περισσός,4,0.22,62.96
Ἐνγαδηνός,4,0.22,63.17
Δεκέμβριος,4,0.22,63.39
λεπτός,4,0.22,63.6
ἐμβόλιμος,4,0.22,63.82
μάχιμος,4,0.22,64.03
διπλόος,4,0.22,64.25
σύριος,4,0.22,64.46
συγγενής,3,0.16,64.62
ἄτεκνος,3,0.16,64.78
χαλκοῦς,3,0.16,64.95
μολύβδινος,3,0.16,65.11
ἔσχατος,3,0.16,65.27
πεπτός,3,0.16,65.43
ἐπίσημος,3,0.16,65.59
ἄδολος,3,0.16,65.75
δοχικός,3,0.16,65.91
μέτριος,3,0.16,66.08
χριστός,3,0.16,66.24
ἑξάμηνος,3,0.16,66.4
σύνναος,3,0.16,66.56
ἀρχαῖος,3,0.16,66.72
χρυσικός,3,0.16,66.88
στερεός,3,0.16,67.04
ἕτοιμος,3,0.16,67.2
κανονικός,3,0.16,67.37
μυρίος,3,0.16,67.53
Χῖος,3,0.16,67.69
εὔωνος,3,0.16,67.85
κακός,3,0.16,68.01
σεμνός,3,0.16,68.17
εὔλογος,3,0.16,68.33
Τύριος,3,0.16,68.49
Σεπτέμβριος,3,0.16,68.66
συρός,3,0.16,68.82
κρείσσων,3,0.16,68.98
Μιλήσιος,3,0.16,69.14
ἀχρεῖος,3,0.16,69.3
Κυρηναῖος,3,0.16,69.46
εὐμεγέθης,3,0.16,69.62
παλαιός,3,0.16,69.78
ἄτοκος,3,0.16,69.95
δίμηνος,3,0.16,70.11
Καύνιος,3,0.16,70.27
ἐπιμελής,3,0.16,70.43
ἐλάινος,3,0.16,70.59
εὐκταῖος,3,0.16,70.75
λόχιος,3,0.16,70.91
στεφανικός,3,0.16,71.08
Κῷος,3,0.16,71.24
Τημνίτης,3,0.16,71.4
ἐντολικός,3,0.16,71.56
θεοσεβής,2,0.11,71.67
ἀκόλουθος,2,0.11,71.77
ἄτοπος,2,0.11,71.88
λίθινος,2,0.11,71.99
ἑκών,2,0.11,72.1
ἔγγυος,2,0.11,72.2
μισθοφόρος,2,0.11,72.31
ἐρῆμος,2,0.11,72.42
διάσημος,2,0.11,72.53
μεγαλεῖος,2,0.11,72.63
ἀρεστός,2,0.11,72.74
μακρός,2,0.11,72.85
ξένος,2,0.11,72.96
ἀγράμματος,2,0.11,73.06
διπλοῦς,2,0.11,73.17
σεβαστός,2,0.11,73.28
ἀναπόρριφος,2,0.11,73.39
ἀνεπιεικής,2,0.11,73.49
Ἑλληνικός,2,0.11,73.6
ἄσημος,2,0.11,73.71
ἀπραγμάτευτος,2,0.11,73.82
αἴτιος,2,0.11,73.92
εὐλαβής,2,0.11,74.03
σύμφορος,2,0.11,74.14
πτωχός,2,0.11,74.25
θερινός,2,0.11,74.35
παστοφόρος,2,0.11,74.46
ἀλειτούργητος,2,0.11,74.57
ἐξενίαυτος,2,0.11,74.68
οἰκεῖος,2,0.11,74.78
ἀπροσδέητος,2,0.11,74.89
γενέθλιος,2,0.11,75.0
ἡδύς,2,0.11,75.11
γενέσιος,2,0.11,75.22
στρατιωτικός,2,0.11,75.32
γνώριμος,2,0.11,75.43
εὐτελής,2,0.11,75.54
νήπιος,2,0.11,75.65
συνήθης,2,0.11,75.75
εὐγενής,2,0.11,75.86
εὐτυχής,2,0.11,75.97
βέβαιος,2,0.11,76.08
κτηνότροφος,2,0.11,76.18
Ἡρακλεοπολίτης,2,0.11,76.29
ἔμπορος,2,0.11,76.4
σανδύκινος,2,0.11,76.51
συκάμινος,2,0.11,76.61
γυμνός,2,0.11,76.72
ἀκίνητος,2,0.11,76.83
ξένος2,2,0.11,76.94
ἐθνικός,2,0.11,77.04
τετράμηνος,2,0.11,77.15
ἰατρικός,2,0.11,77.26
ἀκίνδυνος,2,0.11,77.37
κάπνειος,2,0.11,77.47
Ἀλεξάνδρειος,2,0.11,77.58
ἀκατάσκευος,2,0.11,77.69
στατός,2,0.11,77.8
ἑτερόζυγος,2,0.11,77.9
Ἀραβικός,2,0.11,78.01
φρυγανίτης,2,0.11,78.12
ἀξιόλογος,2,0.11,78.23
ἀρσενικός,2,0.11,78.33
ἀνελεήμων,2,0.11,78.44
ἄθεος,2,0.11,78.55
χήρα,2,0.11,78.66
σύνολος,2,0.11,78.76
νααρος,2,0.11,78.87
Μαωζηνός,2,0.11,78.98
κυρτός,2,0.11,79.09
πολέμιος,2,0.11,79.19
Μαωζηνή,2,0.11,79.3
αἴγειος,2,0.11,79.41
μόσχειος,2,0.11,79.52
ὀπτός,2,0.11,79.62
πυρρός,2,0.11,79.73
Ἀττικός,2,0.11,79.84
Ἀράβιος,2,0.11,79.95
ἀδιάθετος,2,0.11,80.05
ὁμομήτριος,2,0.11,80.16
ἔγγειος,2,0.11,80.27
δεξιός,2,0.11,80.38
εὔμοιρος,2,0.11,80.48
εὐκτός,2,0.11,80.59
ἀριθμητικός,2,0.11,80.7
φορτικός,2,0.11,80.81
χλωρός,2,0.11,80.91
Συρακόσιος,2,0.11,81.02
βραχύς,2,0.11,81.13
ῥόδινος,2,0.11,81.24
ἀγαπητός,2,0.11,81.34
χρηστός,2,0.11,81.45
Κύθνιος,2,0.11,81.56
Ῥηναίος,2,0.11,81.67
χειμερινός,2,0.11,81.77
συκαμίνινος,2,0.11,81.88
ἀκάνθινος,2,0.11,81.99
κραταιός,2,0.11,82.1
Σεβαστός,2,0.11,82.2
νεκρός,2,0.11,82.31
σαπρός,2,0.11,82.42
ἐπιμήνιος,2,0.11,82.53
περυσινός,2,0.11,82.63
γραπτός,2,0.11,82.74
Μάιος,2,0.11,82.85
Ἀσιατικός,2,0.11,82.96
Ὀκτώβριος,2,0.11,83.06
ἀξιόχρεως,2,0.11,83.17
νοαρός,2,0.11,83.28
Μάρτιος,2,0.11,83.39
δόκιμος,2,0.11,83.49
ἔνοχος,2,0.11,83.6
ὑπεύθυνος,2,0.11,83.71
νααρός,2,0.11,83.82
ἀέναος,1,0.05,83.87
ἐπίγονος,1,0.05,83.92
αὐτοτελής,1,0.05,83.98
εὐγνώμων,1,0.05,84.03
ἑπτάμηνος,1,0.05,84.09
σιτόφορος,1,0.05,84.14
Αἰγυπτιός,1,0.05,84.19
ὕστερος,1,0.05,84.25
Γαργάρισσα,1,0.05,84.3
θεῖος,1,0.05,84.35
εὔτονος,1,0.05,84.41
εὐσεβής,1,0.05,84.46
προσγενής,1,0.05,84.52
ἑαυτός,1,0.05,84.57
φανερός,1,0.05,84.62
ἀβίαστος,1,0.05,84.68
κακοῦργος,1,0.05,84.73
ἀνόσιος,1,0.05,84.78
ἐπιφανής,1,0.05,84.84
προτήκτωρος,1,0.05,84.89
πριμιπιλάριος,1,0.05,84.95
χελιδονιαῖος,1,0.05,85.0
πρωτοβόλος,1,0.05,85.05
ἐπίλευκος,1,0.05,85.11
πάς,1,0.05,85.16
Αἰγυπτία,1,0.05,85.22
ἀγνώμων,1,0.05,85.27
νόμιμος,1,0.05,85.32
εὐχάριστος,1,0.05,85.38
ἑνκαιεικοστός,1,0.05,85.43
αἰδέσιμος,1,0.05,85.48
ἐγκύκλιος,1,0.05,85.54
ἀπροφάσιστος,1,0.05,85.59
ὀλύρινος,1,0.05,85.65
ἄμικτος,1,0.05,85.7
ἐπιστρεφής,1,0.05,85.75
ἐνδεής,1,0.05,85.81
σησαμικός,1,0.05,85.86
ἄκοπος,1,0.05,85.91
ἄσκυλτος,1,0.05,85.97
ἐντρεχής,1,0.05,86.02
εὔφωνος,1,0.05,86.08
δραχμιαῖος,1,0.05,86.13
στατηριαῖος,1,0.05,86.18
ἄταφος,1,0.05,86.24
τρίτομος,1,0.05,86.29
ἄσυλος,1,0.05,86.34
ὁμοῖος,1,0.05,86.4
ἔγγραπτος,1,0.05,86.45
παράνομος,1,0.05,86.51
εὔδηλος,1,0.05,86.56
ἀνεπίπληκτος,1,0.05,86.61
ἀσιλλοφόρος,1,0.05,86.67
σακκοφόρος,1,0.05,86.72
σκοτεινός,1,0.05,86.77
πολιός,1,0.05,86.83
ἀσφαλής,1,0.05,86.88
γείτνιος,1,0.05,86.94
συνκάταινος,1,0.05,86.99
δέσμιος,1,0.05,87.04
ἀργυρικός,1,0.05,87.1
μαλακός,1,0.05,87.15
Ἀρσινοίτης,1,0.05,87.2
Ἀρσινοίτικος,1,0.05,87.26
διπλάσιος,1,0.05,87.31
ἀβαρής,1,0.05,87.37
ἀπόκοιτος,1,0.05,87.42
ἀφήμερος,1,0.05,87.47
γυναικεῖος,1,0.05,87.53
χρυσοῦς,1,0.05,87.58
σύστοιχος,1,0.05,87.63
κενός,1,0.05,87.69
εὔκληρος,1,0.05,87.74
εὔλυτος,1,0.05,87.8
μεμπτός,1,0.05,87.85
Καισάρειος,1,0.05,87.9
ἀεροειδής,1,0.05,87.96
ἐπιπόθητος,1,0.05,88.01
ἐρρωμένος,1,0.05,88.06
εἰρηνικός,1,0.05,88.12
Κοπτίτισσα,1,0.05,88.17
παντοῖος,1,0.05,88.23
σχολαστικός,1,0.05,88.28
εὐθαρσής,1,0.05,88.33
εὐδόκιμος,1,0.05,88.39
ὀψινός,1,0.05,88.44
βελτίων,1,0.05,88.49
Ἀσπένδιος,1,0.05,88.55
εὐίλατος,1,0.05,88.6
ἔνδοξος,1,0.05,88.66
σύκινος,1,0.05,88.71
ἐρινεός,1,0.05,88.76
Λύδιος,1,0.05,88.82
πρᾶος,1,0.05,88.87
φοινίκεος,1,0.05,88.92
ὀλονθοφόρος,1,0.05,88.98
ἀπύρηνος,1,0.05,89.03
ἐαρινός,1,0.05,89.09
δίφορος,1,0.05,89.14
Κιλίκιος,1,0.05,89.19
Μενδαῖος,1,0.05,89.25
Εὐδαμίδειος,1,0.05,89.3
Μαρώνειος,1,0.05,89.35
κολοκύνθινος,1,0.05,89.41
φοῖνιξ,1,0.05,89.46
βούμαστος,1,0.05,89.52
δριμύς,1,0.05,89.57
πλέος,1,0.05,89.62
σιτηγός,1,0.05,89.68
ἀδύνατος,1,0.05,89.73
ἐχθρός,1,0.05,89.78
τιθασός,1,0.05,89.84
ξένιος,1,0.05,89.89
ἐμφανής,1,0.05,89.95
ἀπαράσκευος,1,0.05,90.0
περίφοβος,1,0.05,90.05
πρώιος,1,0.05,90.11
ξηρός,1,0.05,90.16
παχύς,1,0.05,90.22
ἀμπέλινος,1,0.05,90.27
νεόφυτος,1,0.05,90.32
ἀληθής,1,0.05,90.38
πώλιμος,1,0.05,90.43
διπρόσωπος,1,0.05,90.48
δίεδρος,1,0.05,90.54
αἰσχρός,1,0.05,90.59
κοσμικός,1,0.05,90.65
οὐράνιος,1,0.05,90.7
χριστόφορος,1,0.05,90.75
δεινός,1,0.05,90.81
ἀμαθής,1,0.05,90.86
ἀλλότριος,1,0.05,90.91
Λιβυκός,1,0.05,90.97
ἐνώπιος,1,0.05,91.02
ἑξαετής,1,0.05,91.08
ἀπότακτος,1,0.05,91.13
Ἀθηναῖος,1,0.05,91.18
Ἀφροδιτοπολίτης,1,0.05,91.24
ἐμπολαῖος,1,0.05,91.29
ἄπρατος,1,0.05,91.34
παράκλητος,1,0.05,91.4
σιτικός,1,0.05,91.45
ἄγραφος,1,0.05,91.51
ἐλάχιστος,1,0.05,91.56
γαμικός,1,0.05,91.61
ἄριστος,1,0.05,91.67
πάνδεινος,1,0.05,91.72
ἀναγωνίατος,1,0.05,91.77
Ἐνγαδηνή,1,0.05,91.83
μάταιος,1,0.05,91.88
ἐννεακότυλος,1,0.05,91.94
χοϊεῖος,1,0.05,91.99
χειριδωτός,1,0.05,92.04
ἐπιεικής,1,0.05,92.1
ἥμερος,1,0.05,92.15
ἀξιόπιστος,1,0.05,92.2
ταυρικός,1,0.05,92.26
νωτόφορος,1,0.05,92.31
κολοβός,1,0.05,92.37
Σύριος,1,0.05,92.42
ῥυπαρός,1,0.05,92.47
τραχύς,1,0.05,92.53
κλινοπετής,1,0.05,92.58
ἱππιατρικός,1,0.05,92.63
χωματικός,1,0.05,92.69
κοινωνικός,1,0.05,92.74
Ὀξυρυγχίτης,1,0.05,92.8
δυστυχής,1,0.05,92.85
λιβάνινος,1,0.05,92.9
ὀνύχινος,1,0.05,92.96
ἀληθινοπόρφυρος,1,0.05,93.01
Λακωνόσημος,1,0.05,93.06
ἐμπόρφυρος,1,0.05,93.12
κασσιτέρινος,1,0.05,93.17
Ὀμβιτικος,1,0.05,93.23
ἀνίερος,1,0.05,93.28
ἀμνήμων,1,0.05,93.33
ἀνώτερος,1,0.05,93.39
σπουδαῖος,1,0.05,93.44
χωλός,1,0.05,93.49
ἄπρακτος,1,0.05,93.55
εὔψυχος,1,0.05,93.6
ἄμισθος,1,0.05,93.66
στρογγυλοπρόσωπος,1,0.05,93.71
ἀναφάλανθος,1,0.05,93.76
ἄχρηστος,1,0.05,93.82
σεβένινος,1,0.05,93.87
πεντώβολος,1,0.05,93.92
ἄγναφος,1,0.05,93.98
νηρός,1,0.05,94.03
ὑπόκλαστος,1,0.05,94.09
ἀναφάλακρος,1,0.05,94.14
πρόσγραφος,1,0.05,94.19
τετανός,1,0.05,94.25
φάλανθος,1,0.05,94.3
πολλαπλάσιος,1,0.05,94.35
ἐπιχώριος,1,0.05,94.41
ἀκριβής,1,0.05,94.46
ἀργός1,1,0.05,94.52
ὠμός,1,0.05,94.57
κηροειδής,1,0.05,94.62
χαλκιαῖος,1,0.05,94.68
διχαλκιᾶος,1,0.05,94.73
ἡμιωβελιαῖος,1,0.05,94.78
ἐτησιάς,1,0.05,94.84
τρίσκαλμος,1,0.05,94.89
ἐπίτοκος,1,0.05,94.95
ἄρρωστος,1,0.05,95.0
λωίων,1,0.05,95.05
ἀσθενής,1,0.05,95.11
παράτομος,1,0.05,95.16
Ῥόδιος,1,0.05,95.22
Ῥοδιακός,1,0.05,95.27
ἄγριος,1,0.05,95.32
χήνειος,1,0.05,95.38
ἁδρός,1,0.05,95.43
ἔκλευκος,1,0.05,95.48
ὑικός,1,0.05,95.54
ἀγριέλαιος,1,0.05,95.59
θηλυκός,1,0.05,95.65
βέλτιστος,1,0.05,95.7
ἄσχολος,1,0.05,95.75
ἐνεργός,1,0.05,95.81
ἀκονίατος,1,0.05,95.86
κεφάλιος,1,0.05,95.91
προβατοκτηνοτρόφος,1,0.05,95.97
ἔγκυος,1,0.05,96.02
κατακλινής,1,0.05,96.08
λῃστρικός,1,0.05,96.13
αὐτόφωρος,1,0.05,96.18
ἐλαφρός,1,0.05,96.24
Ἰταλικός,1,0.05,96.29
ξύλινος,1,0.05,96.34
ἄγευστος,1,0.05,96.4
ἄπειρος1,1,0.05,96.45
τετραετής,1,0.05,96.51
τριέτης,1,0.05,96.56
ἀδιαίρετος,1,0.05,96.61
σύμμαχος,1,0.05,96.67
ἐπαρχικός,1,0.05,96.72
ἀγένητος,1,0.05,96.77
ἀλλόφυλος,1,0.05,96.83
καρυωτός,1,0.05,96.88
νομικός,1,0.05,96.94
χρυσοχός,1,0.05,96.99
ῥαφάνινος,1,0.05,97.04
πιστός2,1,0.05,97.1
ἀνόμοιος,1,0.05,97.15
ἐπάρκιος,1,0.05,97.2
ἀνοικοδόμητος,1,0.05,97.26
τρίκλινος,1,0.05,97.31
σύμμικτος,1,0.05,97.37
ἐφέτειος,1,0.05,97.42
ποταπός,1,0.05,97.47
ἀμελής,1,0.05,97.53
ξενικός,1,0.05,97.58
ἰτέινος,1,0.05,97.63
δίχηλος,1,0.05,97.69
τιμητός,1,0.05,97.74
θανάσιμος,1,0.05,97.8
ὄψιος,1,0.05,97.85
πρόσλοιπος,1,0.05,97.9
κυρία,1,0.05,97.96
Ξηρός,1,0.05,98.01
ἀγγάριος,1,0.05,98.06
γοργός,1,0.05,98.12
ποδαπός,1,0.05,98.17
εὔχρηστος,1,0.05,98.23
καμήλειος,1,0.05,98.28
οἰκικός,1,0.05,98.33
πούβλικος,1,0.05,98.39
Παρθικός,1,0.05,98.44
δημαρχικός,1,0.05,98.49
μοσχαντικός,1,0.05,98.55
ἔπαρχος,1,0.05,98.6
ἐσώτερος,1,0.05,98.66
᾽`Ηνγαδηνός,1,0.05,98.71
πατητός,1,0.05,98.76
ἔγγαιος,1,0.05,98.82
ναυτικός,1,0.05,98.87
Γελῷος,1,0.05,98.92
ἄτακτος,1,0.05,98.98
γυμναστικός,1,0.05,99.03
ἀπάνθρωπος,1,0.05,99.09
ἐπιστολικός,1,0.05,99.14
ταλαίπωρος,1,0.05,99.19
ἐφήμισυς,1,0.05,99.25
ἀσύστατος,1,0.05,99.3
σεμνοπρεπής,1,0.05,99.35
θαυμάσιος,1,0.05,99.41
ἐνάρετος,1,0.05,99.46
βάρβαρος,1,0.05,99.52
ἀνάνθρωπος,1,0.05,99.57
μαυρός,1,0.05,99.62
κυριακός,1,0.05,99.68
ἀρκετός,1,0.05,99.73
πρόχειρος,1,0.05,99.78
ἔκτακτος,1,0.05,99.84
Καισάριος,1,0.05,99.89
ὅλοξ,1,0.05,99.95
πάρεργος,1,0.05,100.0
