Word,Count,Percentage of total,Cumulative percentage of total
Ἰουδαῖος,20,15.38,15.38
Αἰγύπτιος,7,5.38,20.77
Ἠνγαδηνός,6,4.62,25.38
Πτολεμαικός,4,3.08,28.46
Ἐνγαδηνός,4,3.08,31.54
Δεκέμβριος,4,3.08,34.62
Χῖος,3,2.31,36.92
Τύριος,3,2.31,39.23
Σεπτέμβριος,3,2.31,41.54
Μιλήσιος,3,2.31,43.85
Κυρηναῖος,3,2.31,46.15
Καύνιος,3,2.31,48.46
Κῷος,3,2.31,50.77
Τημνίτης,3,2.31,53.08
Ἑλληνικός,2,1.54,54.62
Ἡρακλεοπολίτης,2,1.54,56.15
Ἀλεξάνδρειος,2,1.54,57.69
Ἀραβικός,2,1.54,59.23
Μαωζηνός,2,1.54,60.77
Μαωζηνή,2,1.54,62.31
Ἀττικός,2,1.54,63.85
Ἀράβιος,2,1.54,65.38
Συρακόσιος,2,1.54,66.92
Κύθνιος,2,1.54,68.46
Ῥηναίος,2,1.54,70.0
Σεβαστός,2,1.54,71.54
Μάιος,2,1.54,73.08
Ἀσιατικός,2,1.54,74.62
Ὀκτώβριος,2,1.54,76.15
Μάρτιος,2,1.54,77.69
Αἰγυπτιός,1,0.77,78.46
Γαργάρισσα,1,0.77,79.23
Αἰγυπτία,1,0.77,80.0
Ἀρσινοίτης,1,0.77,80.77
Ἀρσινοίτικος,1,0.77,81.54
Καισάρειος,1,0.77,82.31
Κοπτίτισσα,1,0.77,83.08
Ἀσπένδιος,1,0.77,83.85
Λύδιος,1,0.77,84.62
Κιλίκιος,1,0.77,85.38
Μενδαῖος,1,0.77,86.15
Εὐδαμίδειος,1,0.77,86.92
Μαρώνειος,1,0.77,87.69
Λιβυκός,1,0.77,88.46
Ἀθηναῖος,1,0.77,89.23
Ἀφροδιτοπολίτης,1,0.77,90.0
Ἐνγαδηνή,1,0.77,90.77
Σύριος,1,0.77,91.54
Ὀξυρυγχίτης,1,0.77,92.31
Λακωνόσημος,1,0.77,93.08
Ὀμβιτικος,1,0.77,93.85
Ῥόδιος,1,0.77,94.62
Ῥοδιακός,1,0.77,95.38
Ἰταλικός,1,0.77,96.15
Ξηρός,1,0.77,96.92
Παρθικός,1,0.77,97.69
᾽`Ηνγαδηνός,1,0.77,98.46
Γελῷος,1,0.77,99.23
Καισάριος,1,0.77,100.0
